1 
283 
1045 
158 
982 
1259 
2389 
1953 
2463 
2038 
5621 
1326 2340 3839 4170 6840 8417 
8401 
9749 
3092 3635 
435 
451 
1864 
3913 4120 
4270 
2173 2292 3003 7598 
3354 
9371 
969 
1876 3010 
2495 
9345 
4117 
10 
663 
2989 
678 
769 
999 1280 
306 
1322 
7192 
5318 
5458 
4316 4325 4742 5598 7253 7868 
5957 9046 
3319 
6745 
2075 2275 2431 
2415 7954 
1713 
2638 
7708 7716 
3222 3511 
4502 
954 
4538 
2347 
6750 
8042 
5551 
3520 
7964 
4570 
3025 
4773 
6163 
3840 
7442 
9674 
10258 
10035 10043 
1215 
7302 
10210 
10187 
1768 
2039 
3382 
8569 
7350 
10108 
5270 
4786 4796 4888 5108 5128 8439 
5178 
2189 7501 
9358 
1014 
2057 
449 791 992 1443 1617 2150 2568 3083 3574 3814 4397 4510 5193 6448 6798 8111 8280 9108 9117 9260 9400 9422 
1124 
941 
4979 5019 
786 
1808 
8484 
9217 
1281 
3636 
9876 
7556 
9927 
10157 
1448 
3672 
3898 
3924 
9169 
3009 
1650 
434 
5371 
551 3991 4039 4085 4257 4908 4910 5812 6633 6854 7349 7561 7563 8493 10117 10201 
5120 
7739 
8502 
126 
2184 
284 
2317 
2513 
4894 
2351 
1951 2543 
5569 
1667 
1169 
1889 
179 1622 1715 5518 8458 
209 
2357 
5521 
242 
3974 
7233 
1464 
1470 
4367 
3302 4746 
1247 4857 6899 
3886 4070 6362 
1273 
4290 
2608 2621 7760 
174 
10082 
4321 
1175 
1983 
437 2624 4950 6015 6817 7532 7585 7592 7754 9163 9565 
473 
3448 
8379 8639 
3843 
6716 
898 
2715 
2745 
1225 
8500 
3806 
345 
4414 
4802 
6604 
2609 5247 5580 
9816 
2806 2823 3228 3496 3559 3627 3895 4828 5674 6213 8448 8466 8531 8536 8553 8568 8578 
2222 
7240 
2632 
3048 
5307 
2229 2365 2863 2895 2901 2915 3029 3201 3218 
299 
399 
7295 
2144 
172 
657 
1245 
5139 
1190 1203 
9294 
3405 7078 7552 8308 8808 8993 
341 1023 1289 
7190 
2127 
2049 
3053 
2208 8498 
904 
6281 
7398 
7815 
6718 7836 
2633 3711 4606 7142 7767 
565 
929 
2948 
2375 9328 
3193 
533 
4648 
3303 
5968 
6797 
3186 5581 
2929 
4331 
8724 
2369 4231 8580 8655 9068 
4734 
3999 8507 
4999 
7824 7946 8683 
1418 6020 8654 
2740 
911 
8283 
3764 3892 
1564 
927 
233 545 
1302 
2174 
3036 
1089 
580 
835 8416 
1172 
6648 6654 
5104 
688 752 
1171 
2291 
595 1312 
6400 
5609 
1676 
7606 
111 
7241 
8084 
9577 9686 
1503 
366 
4942 
983 6943 
6986 
1407 
1390 1488 
2824 
3284 
3288 
7525 
5752 
2814 3698 
5374 
9306 
132 
2395 
3185 
4149 
1626 6129 
1298 
3807 
8579 
6717 7430 7835 
6733 
4871 
7170 
8944 
9233 
939 
1356 
1578 
2794 
7629 
839 
1631 6135 7470 
8424 
3192 7766 7770 7814 
1214 
7129 
1402 
4943 
1778 7445 
6318 6392 
8525 
4236 4301 
2507 
1157 
2722 
931 
7396 
5515 
6334 
9380 
653 
6778 
7101 
1480 3206 
3524 
5907 
7000 
6916 6937 6969 
5769 
6058 
7638 
5880 
4178 
4330 
74 
4494 
6695 
7023 
9908 
4454 
5027 
4782 
2195 
7021 
5723 
8816 
9133 
10192 
2826 
6299 
6284 
7761 7779 7799 7804 
1756 2227 2645 3470 3487 3600 3604 3606 3861 3997 4076 4139 4585 5053 5670 5856 5875 6139 6144 6247 6335 6422 6950 7131 7366 7833 7884 7917 8086 8514 8527 8767 8984 9019 9369 10221 
8698 
9844 
3089 
8050 
4428 
4883 
4110 6151 6177 
7016 
4844 6753 
9642 
137 
9392 
4967 5021 9247 
268 
6044 
3567 
6388 
4370 5786 
2504 
42 677 
3910 
4407 
9937 
5546 9582 
4768 
1524 
8895 
8359 
1544 
328 
6469 7211 
10175 
3314 8115 8653 9404 
7427 
7838 
9570 
6534 6561 
6513 
975 
1271 
6730 
958 
4996 
5629 
812 
2569 
4612 
4846 
6314 
5223 
98 
647 
2493 3374 
3469 
444 
3050 
4223 
4513 
7829 
4405 4824 
753 
5731 
5711 
4291 
8048 
6468 
3456 3507 3527 3692 8149 9295 9761 
3750 
5324 
28 
421 
484 
4799 
8702 
13 
993 
1176 
2199 
4100 
2445 
2025 
5331 
8191 
6647 7910 
5408 6549 6653 6667 6727 6801 7948 8083 
7842 
2602 4443 
3309 
1794 
1934 
3085 
4271 
5292 9390 
6290 
5385 
4128 
5947 
6996 
511 
7531 
6263 
3371 
9560 
4001 7201 8509 
9405 
7026 
2171 
6262 
4416 
6059 
5802 
5935 
6709 
3573 8492 8756 9204 9443 
1180 
9856 
5346 5679 
6742 
2447 
2461 
2704 4482 
6118 
1159 
5036 
1362 
9029 
3168 5803 6624 8365 9180 
8785 
5473 6682 7703 8246 8763 8932 9186 
8298 
4101 
9641 
857 3950 9951 10059 
3299 
2094 
3259 
6596 
8402 
5617 5673 5848 7773 8121 
649 
8316 10104 
8291 
1594 
145 
5066 
34 4080 
7963 
9778 
1517 
367 
4391 6081 8382 
4113 
1589 
849 
7310 
7651 
3248 3413 
3289 
2816 
6759 
3987 
5815 9248 
9644 
9864 
4610 
2653 2734 2757 2762 3344 3408 9413 
3546 
4941 
4935 5007 
6033 
265 
2643 4930 
4052 
1837 
9435 
1291 
4265 
2309 9929 
2015 4240 5244 
7231 
9667 
4478 7391 
3925 4539 6809 7015 7247 10226 
1710 9788 
8441 
10084 
9744 
10212 
9813 
5187 
8183 
55 
3108 
6760 
6883 
2973 
750 
1104 
6992 
1388 2218 3068 4670 7213 7575 
7065 
3945 
353 
7238 
1250 
1061 
7208 
362 1720 6882 
2520 
5588 6520 
6575 
8961 
516 
5234 
1106 
1886 
2927 
3549 
4813 
7786 
5425 
5405 
6402 
2656 3366 3497 7968 
2040 
9221 
1044 
6 
1098 
4467 
228 1504 2119 7121 
9338 
2739 
5550 
169 
6013 
1746 2596 4384 4767 5676 6435 
2714 
7931 
9442 
5068 5895 6566 8914 9394 9952 
1151 
2053 
186 
3677 
1100 
5665 
255 
454 
814 
3348 
5132 
6049 
131 6805 
6315 
8604 
2718 3778 
441 645 
4692 
4550 
1911 2327 5008 5351 6783 
3795 
5362 7961 
4789 
8408 
9232 
9334 
5294 5468 5557 
5710 
7706 
2149 
724 
7151 
8 
4200 
6307 
8565 
4018 
3657 
6029 
1147 
7347 
7356 
7086 7126 
3517 
561 
6961 
2055 
7596 
4034 8768 
6101 
6300 
3444 
1242 
8228 
3887 4071 
4682 8690 9251 
3310 
6818 
6766 
6823 
5730 
6125 
9463 
2276 2683 7163 8446 
994 1545 2613 5339 5859 7668 8457 
7740 
7383 
1213 
779 
9436 
8713 8776 
1865 
1063 
6070 
7900 
7043 9337 
7081 
8335 
2159 8476 
9375 
1533 8707 
1629 
3141 
2784 2844 8811 
6346 
7005 
2856 
112 
9028 
9900 
5992 6224 6274 
6799 9401 
2405 
3429 
4772 
1481 3295 
2601 
5491 
6308 
5681 
512 670 883 1542 1788 1990 2107 2122 2260 2726 2867 2896 3093 3132 3233 4116 4283 4299 4645 4681 4705 4891 5098 5266 5654 5773 5980 6236 6317 6349 6571 6898 7115 7187 7543 7684 7723 7924 8081 8227 8377 8540 8561 8627 8825 8849 9026 9216 9310 9333 9484 9520 9571 9603 9610 9643 9651 9810 9944 9955 9963 9981 10213 10237 
858 1244 
1050 
1162 
1277 5783 
2748 
9351 
3484 
1067 
1144 
1383 
6536 
4632 5103 7287 7620 9621 
1404 
109 
715 
1197 
1253 5107 5127 
6377 
686 
3441 
1565 
1233 
1431 1605 1823 2285 
3400 
432 
7670 
1261 
1032 
2505 
618 
7697 
7640 9113 
2605 5367 6211 
4905 
7079 
6994 7024 
4983 
691 5520 
5606 
6732 
414 
3258 
8820 
2391 
2697 
252 
3621 
1178 
2659 
4129 
9382 
2356 
2191 
5911 
3768 
6331 
4528 
6560 
10159 
1476 1516 1522 1532 2977 3565 4514 4587 5463 5695 5861 5964 6069 6174 6242 6356 6598 9230 9391 9403 
5972 
7700 
1246 
3548 
7042 
6622 
7555 
772 9268 
1088 
9222 
3194 
5637 7361 7816 
7893 
1035 
5039 
6920 
1974 2420 
3007 
2874 8557 
8964 
5418 5434 6220 8021 8663 
8692 
8726 
9454 
7655 
4558 5475 
4798 
3776 
7921 
9265 
5392 
5147 5793 5846 5937 8265 
2936 5751 7736 
7997 
6089 
6777 
2170 
4720 
4059 5801 
4466 7666 
1698 2252 3179 8910 
6533 
1387 4669 
1043 
2044 
615 
4521 
7685 
9065 
809 4533 7332 9041 
1027 
6001 
789 
2562 
8243 
3204 
3966 4027 4121 
5950 
7595 
605 4542 
6295 
8731 
7342 
2928 
8747 
9841 
9543 
1458 
431 
855 1307 
5970 
6819 
7541 
3678 
6576 
3615 9086 9101 
589 
542 1996 
2099 
2468 
3914 
6303 
2121 4348 8810 9877 
1048 
9194 
3709 
6964 
3395 3426 
3428 
2158 
8090 
4206 
433 
259 
532 
633 
1165 
7439 7943 
2497 
2388 
3278 
807 
7450 
6423 7502 
4777 
798 3458 
1410 
1551 
5747 
379 
838 
991 
1116 4793 9275 
5919 
7854 
5760 
6484 6699 
142 
389 
682 
411 
978 
1041 
1071 
797 
8173 
9044 
2672 
2845 6504 8922 
1874 3318 5153 9872 9987 
584 1981 7853 
6864 
187 
519 
90 
819 
1129 
3333 
4754 
1561 
2939 4093 5332 
4488 
2472 4500 
4912 4939 
5005 5063 
4678 
6877 7631 
7277 
6646 
364 
7798 
7031 7577 7610 8143 
1024 
7934 
522 
196 
99 1166 
370 
777 
1070 6581 
1484 
14 
2253 
935 
9746 
9095 
7275 
10183 
10030 
3230 9855 
1207 
1660 
2531 
5763 
3960 
460 
5040 
2910 
3519 
692 3171 3300 3882 5627 7150 7421 7437 9750 
3088 8018 9576 9685 9707 9772 
5055 
1336 1379 
3327 
2967 
6491 
2900 
3578 
8637 
3808 
9073 
1992 3198 
7536 
7808 
4446 
7597 
9332 
9344 
3654 
417 
2951 3090 
4202 
7104 
7794 
4088 
7737 
6055 
424 6264 
3081 8701 
5715 
3668 
4090 
8301 
3885 4069 
231 
4747 
7440 
3725 
1293 
619 
1142 
5333 
5466 
5322 
1372 3102 4062 
6188 
3857 5313 6189 8229 
1118 
502 
5948 
5951 5971 
5967 
344 7090 
318 
1135 
2233 2300 10095 
7324 
739 
2064 
736 
3488 
2454 
2764 
5704 5753 6935 
8758 
8223 
1121 
6112 
8459 
9384 
4055 
6021 
3986 5341 8089 
5267 
7788 
4849 
6697 
3598 
5245 8954 
6593 
8062 
5296 
2525 
2494 
2835 6327 
3505 3741 
9839 
5328 
9415 
4215 
6302 
8289 
2705 3790 3871 3975 4191 4285 4424 4683 5142 5280 5396 5443 8681 
6522 
5018 
9244 
10001 
6075 7424 
2696 
5663 
586 
773 
2312 2441 2517 
3542 
3436 
4213 
4836 
3908 9326 
1313 
8629 
6735 
1117 2232 2239 6679 6704 10094 10235 
5583 
626 
1276 
496 
6874 
3828 
4621 
7940 8105 
3787 3869 5675 
9220 10015 
5323 
383 
2612 
7390 
851 
7458 
7565 
1593 
8955 
2707 4823 
7903 
8120 
2087 2800 4276 5488 6071 6856 7307 7869 
247 
349 
66 
3282 4336 
7145 
4869 
8075 9658 
1737 
1131 
6975 
1057 2736 2754 3018 
5512 
8874 
6271 6636 6859 7046 
7235 7432 
7117 
1339 1382 8431 
377 
7102 
953 
6450 7254 
3671 
1020 
7263 
86 
190 
820 
1784 
385 
4323 
1867 
2111 2161 3551 
9354 
1546 7122 
6913 6924 6931 
8147 
3247 8486 
906 
9049 
5379 
4837 
6330 
2558 
4214 
10105 
1795 
703 
465 
216 
6676 
9209 
8942 8985 
5608 
5302 
8721 
3761 7449 8209 8234 
6005 
10083 
9843 
760 1691 4033 4377 6779 7030 7753 8588 9743 
7329 
8737 
3718 5771 
198 
780 
513 
4169 
2164 
23 
1210 
6539 
7742 
7726 
7509 7713 
1235 4111 4179 4220 4282 4304 4522 4537 5353 6324 6519 6530 6786 7618 
326 
8352 
4048 
785 
1112 
6628 
8966 
8623 
2519 9043 
1081 
570 
1782 
2167 
2393 
7339 
3151 
1799 
6061 
5900 
530 
1993 
7369 
7460 
3312 
9585 9903 
6939 
6207 
2346 
45 
164 
260 7049 
912 
940 
1251 
5 
868 
1309 
7732 
757 6518 
6270 
1408 
400 
1489 
1894 
100 
800 
380 
549 
6772 
886 1004 
1068 
531 
535 575 
4919 
4783 5028 
8008 
6703 
6685 
4687 
544 641 6408 
6467 
1875 
7749 
799 
3633 
617 
1678 8705 
6586 
6603 
2778 
2833 
6789 
173 
7358 
8197 
8157 
9264 9450 
6896 
2492 
2938 
1274 
4658 
7077 
787 
7234 
7621 
1204 
1025 
639 
6893 
343 405 
1976 7397 
182 7522 
4224 5218 6480 6979 7616 7953 
7357 
1191 
8020 
6618 6668 6728 7988 
7949 
1492 
6972 
3401 
5154 
5888 
6644 
4543 
7317 
3155 3164 
330 
9075 
2561 7933 
490 
507 
1486 1495 
6231 
4264 
6036 
6370 
4160 6092 
5602 
8210 
6746 9526 
8297 
6458 6550 7873 7881 7906 7911 7976 7999 8028 8047 
5216 5509 5855 5933 6097 6166 6219 6241 
4532 
7588 
1212 
7793 7845 
9713 
7782 
480 
5285 7260 
489 
1000 
4792 
1115 
1114 
8099 
4812 
5915 
7468 
2886 
2106 
3004 
7998 
2744 
6853 
576 
7337 
7265 
7828 
610 
2763 
2654 3409 
3414 
5923 
335 
636 
1133 
2735 
5085 
6053 
6462 
8260 
8788 
8193 8250 9034 
1224 
3391 8049 8296 8311 8595 
5822 
9414 
7308 
7977 
7882 
4343 
6844 
7899 
6546 
9 
4581 4617 4732 4758 
215 321 403 1301 1944 2187 2383 3540 3558 3617 3648 5254 6541 6601 6858 7212 7228 7282 8258 
17 
2100 
4709 
8609 
9346 
420 
4017 
7471 
2082 2509 4751 7890 
7682 7718 
934 
8273 
900 7189 
3582 7802 9225 
62 
6815 
1775 
4637 5591 9907 
6229 
6715 
9979 
4404 4476 6194 6209 6257 
4704 
6642 8026 
6508 
527 
9509 
829 3874 7034 
933 
9087 
7107 
280 893 1403 2104 2160 2904 3024 4659 8190 9155 
4347 
8422 
5393 
8460 
8730 
9074 
10232 
5945 6232 9516 9646 10189 
2188 
5766 
8812 
2210 2332 7098 
5648 
6016 
2379 
6376 
9067 
7725 
608 712 1006 4057 4189 4694 5184 5896 6204 7045 8415 8896 9092 9476 9739 9852 10208 10252 
1239 
3059 
1847 
1170 
1898 
9719 
2746 
6688 
3221 
407 
7960 
6289 6306 
9635 
7734 
7871 
5046 
4876 
8231 
6529 
3017 
6153 
8140 
8697 
3042 
4490 9292 9324 9408 
4008 
4591 4663 
1017 
2622 2932 6316 6321 6816 8357 9602 
7420 
8122 
8892 
2691 
7464 
4797 
5409 
3909 
4374 
8306 
6380 
4633 9622 
2912 5842 5884 
3407 
9412 
6147 
7892 
2994 
2941 
3107 
5130 
5618 5849 
3099 
5954 
3998 
897 
539 
5310 
3894 7888 
6185 
7083 
8542 
2574 
8712 
2703 
1342 1472 1646 2592 3465 4831 8067 8372 9596 
2437 
6477 9836 
6806 
9922 
1604 
5047 
3771 5203 5790 
82 
5442 
9301 
9769 
8079 
1318 1439 1613 1624 2105 3810 4393 5189 5594 6444 6506 7249 7864 8107 8276 9256 9418 9846 10048 
3202 
4840 
8148 
2786 2864 2902 2916 2922 3030 3049 3070 3129 3183 3210 3817 3865 4014 4159 4263 4288 5795 5939 5942 6091 6230 6258 6369 6418 9714 9973 
373 
7377 
264 
914 
1792 
9152 9316 
9947 
10086 
2067 9038 10124 
5562 
741 
9298 
5447 
2376 
9329 
10033 
2088 
5122 
5777 
2484 
846 
8182 
748 5680 6122 9664 9696 
2708 
1558 
3639 
9097 
9118 
3528 3618 
4358 
7032 
3868 9270 
1380 
5647 5736 6367 6416 
5952 
6773 
10014 
8589 
3516 
1703 4390 
738 
1371 
1965 2429 8378 
1491 1692 2123 4598 5944 8082 
3313 
382 
667 
5030 
7675 
4966 4980 5020 
5613 
3955 4006 
7039 
5837 
6203 
2897 5825 5921 6133 
9388 
6966 
7 
6042 6260 
9483 
1805 
4194 
10147 
4040 
9138 
1887 
664 
4112 4180 6325 
7619 
1096 
3679 4021 
923 
1055 
1257 
347 
818 
624 1195 4575 
7467 
10019 
2534 
6702 
837 
6863 
1591 
733 
767 
4251 
4619 
5729 
540 
5230 
8288 
1513 
130 2803 9003 9555 9619 
725 
926 4801 
2477 
716 5009 
160 
8598 
197 
831 
4805 
593 7662 7843 
7459 7566 
193 
440 
3907 
4376 
3561 
6086 
9854 
8093 
8293 
8336 
2828 
7715 
1793 
666 751 761 1588 4278 4315 4436 4817 5835 7586 8510 9179 9444 9752 
4776 
9246 
5360 6495 9429 
113 5840 7040 
2035 
7985 
613 
6826 
802 
3022 
1733 
745 
6199 
4352 
1848 2354 3572 4399 5106 5126 7028 10027 
4401 4555 4723 
4449 4596 4652 4713 
7293 
3172 
4470 4672 4689 
683 
693 
6696 
425 
452 7785 
1999 
2473 
3150 
3475 
5726 7149 7813 
415 
594 
7278 7523 7578 7611 7711 
3392 
1502 
8312 
7486 8596 
1927 3355 6570 
1603 
4427 
3390 
1083 
153 287 7285 9195 
240 
6612 
205 
336 
1501 8164 
6591 8060 
5823 
878 
7304 
2464 
2693 
6022 
6693 
1223 8238 8871 8905 8916 8936 
2116 
3938 
1838 
1436 1669 5164 
6285 
4151 7912 
5961 
1543 
8636 
8866 
2065 
9084 
8902 
9199 
8952 8974 8983 9018 9112 
6338 
4102 8998 
9590 
7344 
4630 
2130 
5173 
3586 9238 9557 9806 
1369 8720 8766 8798 8855 8876 8912 9059 9135 9150 9190 9214 10246 
7400 
2559 8452 10067 
5507 
2207 3493 5115 5785 8497 
871 
281 
2577 
902 
3552 
6063 
2163 
3304 
3867 
4082 
3905 
5295 
6500 
7062 
3825 
1731 
4130 
2139 
31 
65 2987 5662 
6261 
8999 
1684 4415 4597 6855 7830 9488 
1836 3250 6843 
7048 
614 7318 
243 
249 
961 
80 810 
1052 
505 
778 932 
56 2465 
7617 
520 
548 
7376 
458 762 788 
1158 
2120 
746 
7029 
1849 4400 
5988 
6673 
7834 
7889 
6938 7001 
459 
7186 
5372 
310 
277 
980 
495 
611 1179 4853 
1016 
2805 
770 
5233 
1812 
3337 
6632 
463 
2151 
7013 7138 7182 7200 7223 
4433 
391 
7885 
2695 
4712 
5038 
4974 
4977 
4246 
9909 
5002 
4624 
4755 
221 
907 
4706 
4989 
8332 
3324 
9736 
8491 
3383 
210 
1397 
266 
5268 
6782 
229 
1535 
3196 8678 
9089 
8852 
3316 
9047 
3145 3156 3165 8427 
833 
9503 
9826 
7365 
5100 
211 
4205 6250 
4920 
5111 
3264 4234 4655 6705 
6680 
1206 
916 
314 
1308 
1722 
18 
673 
3784 
651 
1721 
363 
1058 
825 
3689 8436 
10013 10079 
3988 
93 1573 10053 
9581 
2737 2755 2920 
3597 
6403 
6836 
332 
1940 
47 
1652 
1689 1726 1755 1777 2410 5864 7388 10150 
7720 
7757 
1186 
5376 
534 
7731 
3459 3794 4457 8100 
1252 
4440 
6363 
6625 
5565 9393 
6227 
2047 
8986 
5334 5415 5428 
7262 
365 1033 
1857 
3845 
453 
1064 
4827 
10085 
7174 
4501 
3589 
1643 
7937 
3479 3722 
4418 6113 6845 
5071 
5824 
8780 
596 
1670 
5502 
989 
7075 
9936 
3928 
248 
1107 
1642 4691 
3844 6919 
2970 
5899 
2308 
6464 
9045 
8804 
9093 
8423 
5528 8346 8903 8975 
4524 7106 9200 
2771 
6573 
6543 
8271 
6791 
7547 
5116 
560 782 7207 7791 
3752 
5612 
4972 
6313 
5746 5759 6555 7498 
8006 
4551 
6984 
1541 3877 4337 4386 5012 5622 6009 6438 8318 
3713 
41 
7261 
602 730 
1200 
3822 
6959 
4618 
3345 
327 
4135 5620 6824 8610 10066 
2807 
6004 
10182 
3881 7312 
972 
6482 
4061 
5171 
6074 
1941 
6123 
2964 
3106 
842 
1600 
9025 
9915 
8270 
2063 
9411 
598 
1332 1668 2655 3896 4409 5485 5626 6198 7846 8506 9122 9665 
4642 
3212 
7367 
9126 
6460 
357 401 1893 3131 4298 4371 4564 4856 5995 6052 6361 6983 7381 7901 8564 8626 9269 9372 9620 9899 
5545 
6796 
2795 
8405 
8511 
865 
1137 
2377 
903 
5221 9088 
4915 
873 2091 6442 
2352 
1584 6431 6763 7298 9364 
244 2237 2256 2266 7044 9398 9751 9782 
8590 
8706 
5375 
3101 
4227 
2998 
1228 2870 5198 
8583 
3710 
5503 
1087 
2366 2796 3219 
2982 
2817 10097 
5069 
2798 2827 4152 4375 8072 8348 9203 
5228 
8065 
8537 
9521 
1738 
5398 
8574 
8760 
7209 
10254 
5661 
5092 7516 8734 
1065 
10173 
8139 
7872 7880 7905 7975 8046 
103 3730 3781 5337 6253 6326 6755 
5000 
5263 
9652 
1597 
2027 
2068 9153 
8383 
3661 8884 
7141 
6343 
5748 5761 
6813 
1984 3445 9253 
1451 5560 7074 7162 7169 
2165 
3356 3649 
3338 
7096 
7801 
7759 
1970 2424 2459 2491 
4603 
856 
8642 8671 9051 
3676 
5215 
4657 
2666 
5808 
4199 
1411 
4368 
4693 
2981 5694 10034 
2875 5534 7653 8908 
7783 
9066 
9679 
9472 
1745 
955 
1712 
2241 
4267 
3919 
9462 
10242 
5282 
8733 
1570 
2960 
5094 
6888 
7416 
3279 
5873 
346 1256 
1054 
642 
948 
5058 
7676 
9060 
1456 
1132 
966 9283 
4030 
1760 5477 
4530 8142 
9130 
5298 
3805 8582 
1730 
1912 
5497 
302 
71 
2412 4380 8350 
1422 
3983 
4679 
1910 
166 
7176 
6470 
7088 
10204 
3450 
9432 
5727 
9102 
9445 
9514 9551 
222 
165 
3939 
6170 
6200 
5660 
6243 
4195 4408 
2642 4929 8151 
7735 
1367 
1040 2043 2137 5289 
2775 
5918 
286 
9377 
2176 3842 6120 9835 
2482 
2868 
3323 6131 
8159 
9524 
7544 
4892 9735 10127 10139 
6288 6305 
783 
3673 
2051 
6930 
915 
104 
10062 
9801 9862 
7589 
2200 
2686 
9796 
2584 3602 5420 5436 8746 9115 9495 9889 10129 
9540 
1966 
1850 
1659 
2430 
6481 
185 525 844 1853 1907 1949 2021 2030 2074 2182 2220 2268 2274 2315 2349 2511 2541 2563 4279 6487 6517 6528 8560 
6887 
3613 3854 4010 
5708 
9923 10250 
2500 2611 3368 5829 6476 6776 7327 7477 7984 8137 9343 9607 9683 9729 9738 
3263 
3440 
1141 
5650 5682 7941 9473 
6662 
4932 4956 5123 
8221 
292 
597 
21 
4911 
951 
1469 
5755 
880 3667 
2471 5966 
5774 
6907 
2575 
599 
5787 
8002 
8241 
2673 
1705 1785 2853 
8040 
6043 
6026 
10181 
2243 
390 
4244 
695 
5432 
5460 
5236 
4096 
5279 
5286 
2476 
7607 
5548 5572 
1094 
9035 9104 
9913 
9879 10009 10178 
9893 
5348 
4274 5196 5255 5260 5277 5311 5450 5532 
2669 3834 3850 3860 7311 7392 7534 7991 8023 9790 10152 
4565 
1505 8664 
6140 6157 
5981 
6291 
7503 
9562 
3968 4124 
9057 
8761 
10238 
1585 2406 
102 
1266 
183 
555 
749 
1421 
1303 
122 
6613 
1001 
6496 
1184 
115 
1236 
7469 
572 
726 
4 
83 
604 
4520 
635 
671 
6497 
6878 
905 3607 
3301 
1355 5146 5687 6076 6637 
5615 
334 374 442 475 
1028 
1226 
6592 
271 1015 
5531 
3580 
6771 
151 6186 
949 
7750 
1260 
7587 
7673 
1007 
5693 
157 6104 
323 5137 7068 
4653 
1238 
6731 
9991 
9833 
9821 
5345 
8704 
175 
959 
1452 
5206 
6379 
7006 
7076 
8334 
521 
5994 6031 8714 
1494 4216 4406 
1150 
3785 
5692 6103 
9611 
6609 
3753 
3462 3530 
6249 
2544 
3393 
8549 
447 7319 
2444 
1791 
6904 
3160 
8016 
8941 
1510 3358 3863 
6889 10003 
869 3235 5719 5779 8014 
8395 
4654 
159 
3744 
8038 
69 
6395 
10020 
5865 
4722 
5317 
8528 
1539 4365 5496 6929 8033 
5347 
5541 8703 9272 
1747 
2788 
3478 3721 
5131 7232 
1294 
8708 
8233 
755 
621 
2037 
1357 5834 
1325 1447 9168 
5414 
7980 
5792 
5936 
6621 
9278 
9267 
3256 
4688 
9250 
2667 
6226 
6812 
295 
1432 1606 1824 
3833 
4629 
5513 
5248 
6279 
8891 
3577 
5628 
5804 
7496 7862 
2427 9471 9498 9513 9550 9691 
5644 
6107 
2668 
6083 8022 
394 5172 
5486 
5640 
7707 
4063 
5163 
8695 
9237 
7568 
176 5832 7481 7521 7533 7990 
4484 
4756 
7259 
5845 
446 864 
2849 
9465 
2615 
7554 
1866 
5465 
4571 
3838 4439 4511 
2637 
9887 
1767 
6827 
10087 
121 9886 
2892 
3240 
3508 
3174 
2367 3220 
3700 7837 
5029 
6719 7203 
5571 
7351 
7463 
8887 
811 2140 3421 4944 6605 
1034 
1216 
1769 
3936 
9808 
3693 
4141 
4459 
6951 
984 1579 2840 6955 
392 
764 
1292 
553 
481 
5246 
1145 
7399 
6942 
7926 
2422 2588 3599 6597 
3167 
2456 2988 
6535 
1029 
3766 
4921 
325 
7105 
73 
219 
1761 
4601 
3920 
3927 4056 
8027 
6617 7987 8305 
707 1013 
305 834 4975 5262 6054 6463 
881 
976 
3642 
3890 
1610 
1829 
1547 
6094 
5037 
3490 
4806 
482 
2713 
5208 
8865 
6359 
6210 
6339 
3418 6143 
4031 10044 
143 
9399 
8041 8078 
8980 
5690 
1346 
5833 
1702 
4230 
8677 
8634 
8472 8490 
9271 
7123 
3002 
2506 
220 
1241 
89 
2747 
2962 
7699 
1507 
4557 
6873 
8176 
6749 
3570 
2142 
8195 
7378 
10064 
1227 1929 1933 2147 3612 3879 4009 4473 5214 5506 5563 5706 8551 8666 8794 9361 10230 
4583 
5299 6178 
8669 
8819 
2090 
8948 
5045 
5599 
7447 
320 3563 6433 6672 
331 
4225 
8444 
1846 
163 
2782 9439 
9673 
1704 2635 
7969 
9368 
2837 
2466 
8009 
4344 
5140 
9307 
4893 5352 
8317 
4105 8613 8648 
6962 9148 
1323 4219 
1555 
1709 
4852 4882 
5836 
5816 6202 
4319 
4579 
4991 
3252 
5489 
9569 
9588 
9787 
2906 3097 5390 
3683 
6182 
6860 
6911 
7144 
7856 
1538 
4378 
7054 
5716 
359 
6985 
46 
254 
1003 
5091 
4707 5770 
4150 6197 
5558 
6152 
6502 
2436 3040 5582 7089 9910 
2685 
2097 
3072 
8286 
8659 
3415 6651 6971 8393 8605 9366 
6884 6909 
3330 9076 
7625 8130 
1872 
2345 
3543 
4677 
4951 
10203 
2646 
2765 
4162 
6552 8001 
4000 8508 
1921 2328 3110 5239 5742 
5179 
1108 
2112 
6767 
9311 
4790 
6698 
8631 
8059 
2143 
1636 2066 9946 
1815 
35 
8842 
4492 
3347 
4760 
10078 
7382 
1830 2054 2838 5265 9954 
8732 
8522 
7542 8848 
1683 
5867 
3682 
1877 
9109 
1611 
472 
1049 
3480 3723 9284 9318 9410 
1192 
5818 
6225 
7591 
170 
2361 
1956 
1574 
2006 
427 
5492 5603 6875 
5986 6108 
413 
1587 
1496 
7130 
6781 
7143 
2829 3829 
7768 
8196 
8177 
2324 7313 
8220 
8898 
3819 
9701 
2396 
5160 
4235 7622 
3712 
1460 
3435 
1630 2797 4611 6134 
5601 
2980 
1682 9633 
9348 
10188 
4973 
5625 
7970 
2523 
136 
6748 7386 
832 
4094 
3483 
793 
694 
1671 
1477 
4845 5590 
2467 2972 
7017 
2439 7859 
1143 
8923 
879 
974 3266 
1398 
5666 
296 
2486 3265 
3846 
8532 
43 
4825 
5251 
5776 
1082 
3142 3590 
8135 
9820 
4804 
8337 
5869 
6658 
3472 
6488 
7322 
5561 
8039 
9885 
5671 
1077 
4359 6350 10161 
6532 
7756 
9376 
8759 
3765 
9961 
4122 
8953 
10121 
5437 9980 
3796 
501 
194 
7409 
1019 3640 
4525 
7321 
8658 
9666 
5734 
9212 
9539 
418 
1046 
1110 
293 
5306 
3047 
10063 
1520 2056 4447 
6062 
9700 
4049 8366 9207 
105 
282 
485 
638 
943 
986 
556 
7582 
4523 
25 
887 
386 710 
1120 
2648 
7608 
5989 
2536 
6847 
422 
628 
2134 5400 8058 
1918 2891 9144 9613 
315 
123 
508 
2244 
2942 3818 
7714 
7727 
6461 
2787 2887 2923 3071 3100 3130 3184 3211 3866 5619 5649 5796 5943 6788 
4949 
704 
1255 
1879 
3103 
3745 
4015 
1937 
9827 
4860 
6017 9528 
7510 
262 
443 
1123 
4807 
859 3013 5826 
8873 
8907 
10209 
3529 
3061 
5204 
3509 
1861 
8727 
5631 
8645 
3596 
9367 
2394 
892 
8244 
9350 
5887 
9004 9121 9898 
3880 
5143 
4643 
199 
106 
861 
1363 
22 
1234 5574 5683 6761 
781 
4503 
38 
658 
620 
732 8362 
3153 
504 
303 
646 
9583 
6002 9508 9851 
4023 
368 7402 
579 
603 
26 
146 
10050 
1582 
3043 
3680 
9656 
2522 2537 8967 
2657 
2815 
3471 3699 9385 
6014 
6594 
4268 7559 
4963 
6280 
9863 
9654 
1657 3652 6301 6514 6993 7242 8830 
6675 
9489 
676 7784 
474 
1237 
5589 
7003 
8208 
3541 5756 8616 
4676 
6466 
9494 
8711 
6375 
3951 
3276 3728 10060 
8526 
6501 
8777 
3057 
6626 
8053 
8321 
3019 5387 
8451 
9342 
4866 4903 5259 8867 
3111 4493 4613 7352 8607 8861 9395 10163 
4835 
1550 
2572 
6451 
7341 
6635 
2753 
6726 
7173 
5713 
5078 6867 7848 9314 
2595 
4900 
4864 
2641 
4582 
5183 
4843 4928 5097 5170 9882 10126 
1511 
1394 1463 1560 1572 7093 8285 9943 
4779 
8077 
1694 
354 
625 
5161 
4961 
5974 
6740 
4153 
8184 9992 
9547 
5953 
1549 2045 3109 4631 8743 9493 9731 9745 
7097 
7255 
6918 6949 7281 
1311 
7490 
6752 6982 7113 7336 
7667 
7175 8071 
5087 8202 
313 
167 
8070 
10092 
1392 1653 2076 2834 3274 9680 
9287 
6946 7204 
981 
665 
2337 
7257 
2110 2323 
950 
7483 
10112 10196 
2919 
8269 
2341 
493 
6720 
464 
1037 
5269 
3176 
7412 
1973 
1662 
4998 
4092 5417 9926 
10233 
3576 
4814 5089 
3433 
72 
2235 
7155 
1871 
5592 
1839 
7323 
6282 
3242 6142 6429 
8573 
5220 
5737 10236 
8673 8675 
8505 8625 
1972 
7288 
2449 
8644 
2155 8326 8600 8618 
3608 
9928 
3000 
3619 
9561 
10253 
1140 2004 2101 2250 2307 2333 2419 2453 2503 4204 5113 5658 6473 6585 6602 6687 7099 7375 8341 8355 8376 8385 8392 8470 8662 8667 8686 10005 
7827 
6368 6417 
7413 
2662 5057 6967 7134 7165 7371 7479 8098 10075 10101 
6941 
37 
3742 
4310 4733 5459 5814 6587 10077 
5381 10135 
3662 
7526 
9210 
919 
8480 
2869 
2963 
3980 
6523 
2414 
110 
2098 
2694 
1396 
1986 3352 
4221 
7639 
5908 
2228 3605 4586 6970 
1960 4544 
5487 
4623 
7193 
7431 
246 
6743 
4620 
2926 
9263 9449 
2832 
3173 
1300 4563 
214 
684 
1091 
5462 
5684 
5904 
8174 
5960 
8179 8201 8806 9053 
2010 5669 
6657 
2729 6768 
301 
1066 
1478 
8937 
2616 2628 8715 8748 8837 9172 9184 
8947 8977 
9279 
1567 
4053 
2028 
2209 
3199 8499 
1188 3051 3342 5407 5426 5481 7705 8248 8934 
8797 
8676 
8853 
2152 
5112 
9078 
2759 
3231 
9711 
3628 
1779 
4886 
7492 
1920 4161 5238 5570 6551 8000 8167 
8786 
4784 
3294 4794 
5741 
2457 
2898 
5287 
8646 
10045 
10136 
4495 4854 4922 9776 
2180 2426 2689 2908 5049 
2446 
3751 
4556 7020 9128 
6689 
6723 
2804 4711 6758 
5516 
6040 
3079 
3491 
5453 
9303 
5721 
6807 
7087 
6347 
7569 
9378 
1198 
7482 
648 
874 
8872 8906 
5638 
7548 
9227 
10040 
483 
1062 7652 
1149 
1514 
5607 
830 
10021 
5549 
562 1337 1595 2261 3961 4839 5616 6934 9945 
9740 
155 
9786 
9873 
9988 
8186 
7108 
10088 
8394 
9175 
7116 
990 
8483 9916 
9957 
5165 
5293 5467 
6424 
1018 
7404 9949 
7695 
96 
5903 
4252 
3506 
4545 8061 
1426 3339 
1182 
5539 
1994 
4874 
979 1042 
1282 
2299 3213 4639 4715 
7550 
896 
397 
2257 
1461 
8844 
1384 
656 
808 
4333 
1201 
2231 
2234 
1366 
2761 
6963 
9229 
9116 
2756 7245 
4469 
6051 
5056 
5281 
3122 
5308 
8320 
9008 
5913 
6164 
1125 
6638 
1483 
2348 
7879 
10216 
6415 7826 8069 
1651 
269 
998 
393 
144 
528 
985 
1534 
3283 6974 
1420 
609 
6162 9341 
6825 
8158 
3853 6663 
4342 
7004 
2546 
5922 
5421 
19 
823 2625 3762 5544 8235 8538 9853 
2678 
4119 
3912 
4334 
7741 
3904 4081 5304 
7058 
1075 7084 7878 8068 9016 9597 10073 
1343 
1699 
2141 
6614 
7160 
3269 
6413 
4578 
4292 
7152 
4628 5357 
8180 8198 8261 
8012 
9960 
3965 
4425 
4832 
1473 1647 3362 4735 
9249 
720 
1310 
7847 
1485 4867 
8795 9956 
4902 6910 6928 
1787 
2971 
3746 
3799 
7114 
3431 6102 
6277 
4743 
9883 
4383 7441 
7362 
3706 4363 6309 6757 
8943 
3281 
5321 
9434 
3922 4303 
6927 
9828 
4924 
2277 
1174 
5750 
3454 
2813 
3697 4455 5554 
4423 
6456 
8044 
7686 
3369 
3121 9094 
9631 
2000 2085 3329 3349 4725 9040 9064 
1508 1748 2579 2819 4184 4239 5765 6173 6323 8603 
270 
1770 
3664 3701 8299 
4702 
2684 
6908 
6093 8029 8134 8358 8687 
9594 
2193 
8750 
4410 
2295 
9797 
2397 
697 
7733 
3449 
5579 
6019 
9917 
5419 5435 
3038 
6148 
1113 
2618 2847 
6707 6804 
6973 
8113 9024 
654 
8814 9733 
53 1445 1619 6110 8454 9424 
9812 
952 
8995 
9005 
6401 
6425 
9626 
3328 
10155 
1807 7124 
1152 
1026 
1609 
582 
2719 3669 
843 
1012 
2644 7389 
3158 
2772 
8187 9201 
9978 
2148 2373 4504 10231 
4649 
1803 
1272 3498 4661 
5129 
8829 
3763 5060 6372 
3923 
7448 
3873 7033 
2530 
973 5707 8102 
9941 
5928 
188 514 2390 3588 3620 3959 5054 5070 5762 6360 
4726 6286 
8739 
8841 
5479 
9496 9566 
8753 
2647 5870 
3420 4885 
1878 
10130 
10120 
10133 
10225 
5312 5533 
5573 
470 
1856 
563 
376 
3334 
2727 
2854 
3075 
1556 
3016 
1906 
737 
2196 
2026 
1742 
1814 
2409 3760 5876 10039 
2014 
5088 
358 
4212 
8543 
5354 
6124 
3719 
9630 
10156 
3660 7103 
7981 
9239 
672 
15 
7877 
592 5044 
8156 
2084 8847 
6498 
3308 
469 
4811 
2096 2603 4444 
1102 7876 
7488 
8939 
9280 
709 713 8994 
9538 
3177 5909 
6352 
1741 
8890 
2255 2265 2485 4878 7796 10000 
8019 
8652 
9452 
3 
8817 
8886 
3115 
4872 
3749 
3967 
4028 
4073 4123 4174 5699 6150 
3468 9281 
2145 
8218 
8836 
1901 8615 
4698 
309 
6828 
1437 
756 1916 3554 3594 4209 5455 6664 8274 10248 
2077 
2933 3060 4312 
2679 3982 
6478 
3977 
5578 
5984 6117 
1640 
5991 
2169 
5382 
6834 
6933 
9830 
1759 
5584 
4988 
324 5538 
629 
9814 
7330 
3416 4266 4308 7613 
7557 
9914 
7647 
8930 
7663 
9080 
10228 
1888 
2515 
9056 
7724 8722 
6677 
4437 
4241 
1092 
6187 
4186 
4233 
9176 
9511 
8056 
5082 
5979 
705 
2590 
4185 5653 
627 
1093 
6540 
402 7792 
3539 
867 2186 
3268 5301 
4626 
2355 
4589 4600 
9156 
9098 
4576 
6669 
2124 
8087 
564 
1706 
2283 
5702 
7408 
9668 
4245 
5366 
7299 
10113 10197 
261 
278 
4695 
7484 
4724 
7127 
5102 
3147 
3133 
4901 
6000 
8119 
6130 
6371 
4822 
8668 
9010 
1086 1628 
2118 
3434 
4527 
1663 
6391 9202 
381 7256 
5564 
1361 
1196 
1427 
5511 
27 
2381 
4821 9998 
2434 
8282 
8381 
7230 8057 9523 
5689 
5423 
2115 
10138 
9082 
9730 
9007 
1386 
1139 
2529 3424 7418 
574 
8924 
7415 
9948 
1804 10146 
1723 3082 9178 9242 10004 10148 
9897 
6047 
2859 
1254 
1895 
4458 
5231 
3952 
2296 
5303 
4566 
8104 
526 3118 9541 
2877 9219 
3261 
3084 
7730 
2435 4499 
6064 9967 
7898 
6387 
3579 6023 
891 3035 3322 5081 9519 
7664 
1079 
1789 
988 
2848 
375 
1905 2676 3992 5530 
4086 8192 8259 9789 
429 
792 
1008 
585 
24 
616 
70 
235 3889 8206 
876 
5841 5883 
681 
816 
1185 
395 
2808 
3237 
6155 
768 
6521 
1434 1608 
4324 
462 
7286 
2246 
5703 
3146 
3365 
3378 
3403 
8442 
4064 
6276 
10224 
8807 
3262 
3272 3293 
8843 
8010 8805 8894 9011 9052 
9009 
8361 
848 5813 
5624 6196 
9966 
5350 
6590 
2958 
2966 
2326 2969 6661 7120 7897 
3006 
2976 
689 
3564 8445 
5863 
8413 
2791 
9592 
10202 
6068 
771 
1060 
661 
3525 
3182 
3901 
6606 
124 
7765 
4609 
3946 4411 6493 
2533 
3947 
8827 
8851 
272 
3138 
3063 
6861 
8150 
4964 9477 
7334 7500 
9360 9618 
4737 10018 
3773 3916 
9234 
630 
9983 
2223 7580 
5712 
4295 9822 
2884 2946 3181 3208 9591 9780 
4201 
4962 
3149 
127 
3125 
963 
4640 
4934 
6780 
806 
1569 
3298 
9103 
4022 
3670 
2858 
5157 
279 
8893 
2728 6542 9779 
342 
2487 
6787 10091 
1290 6572 
537 4020 4193 
918 
4046 
1881 
2297 
2974 
8744 9849 
8368 
9146 
1466 3734 4043 4103 4992 8051 8094 9753 
4054 5186 5395 5470 
5180 5732 
6072 
4622 
2790 
50 
1056 
1283 
2432 
3037 
9039 
3350 
3720 
10214 
3788 
8290 9995 
4254 
4955 
10215 
10103 
8779 
8796 8921 
3396 
5757 
731 
8304 
503 700 1656 6616 
8017 
3062 
2168 
6531 
2674 10149 
6265 
7751 
9989 
5652 8254 
203 
5166 
6336 
6957 
4913 
7183 7224 8386 
7139 
882 
8126 
3948 
4079 
8103 8611 
2086 
3587 
942 
1412 
5685 6559 
9556 
10102 
3560 
5394 5469 
217 
492 
4060 
7771 
1827 
2576 
7688 
6980 
8178 
3545 
6340 
2880 7457 
133 
1305 
348 
8144 
1109 
9166 
5659 6297 
3830 
9142 
9481 
2514 
4477 
3244 
5635 
6161 
1977 
1119 
2442 
3461 
1189 
7419 
6737 
7434 
6183 
970 
4685 
1672 
5657 
7511 
4002 6191 6900 
4505 
1693 
4884 
8850 
7053 
8699 
2072 
5553 
8464 
5117 
3380 
8585 
8343 8576 
5284 
8237 
4287 8390 
8347 
4761 
7289 
7956 
8546 
7466 
2408 2651 2751 2812 3625 3696 3792 3933 4037 4261 4339 4389 4729 4880 5168 5567 6365 7456 8036 8950 9140 9290 9676 10038 
6065 
6940 
5086 6686 
9614 
10257 
4592 
8239 
5686 
566 
5677 
7056 
7354 
3015 
8249 8787 
9141 
9548 9783 
4608 
7772 
3251 
8414 
491 
637 
2758 3290 
9485 
2706 5314 5444 
2401 4132 4172 9572 9604 10024 
1982 
4738 
5600 5817 
3315 
10061 
10247 
455 
759 
2172 
4699 
9640 
2742 
3691 
3694 
7996 
8128 
2935 4142 
2905 
2909 
2738 
2991 5536 7564 
4351 
6039 
5854 5914 5932 5978 6096 6165 6218 6240 6399 10118 
7938 
5274 6384 9243 
2527 
7950 
9962 
4855 
8927 
8992 
8757 
10125 
10074 
9033 
3389 
7855 
9534 
4226 8826 
1264 
5543 
3777 
404 
230 
3623 
1267 
1655 
2799 
4816 
5754 
9099 
10022 
6389 
5610 8052 8369 9938 
2626 
796 
9546 
9492 
3858 3976 4684 6190 7823 7945 8682 
1695 2614 6085 
4748 
8885 
541 
9063 
10168 
5522 8883 9532 
9625 
2724 
7451 
2717 
9071 
4217 
4430 
7052 
706 
6404 
2712 
8742 
9487 
7520 
10041 
3163 
735 
850 
913 
1391 
1724 
7270 
7787 
1679 7063 
3377 
3271 3292 3364 3402 
7085 
5401 
8765 9208 
3556 4084 5735 9145 9213 
2883 2945 
4899 
6608 
3412 4554 
7280 
6948 
3425 
6981 
7370 
6634 6751 7335 
5691 
4567 4599 
2273 
4448 
1521 7929 
1450 1531 
3780 
7694 
2540 7073 7168 
4785 4795 
4851 
76 
957 
5363 
2135 
7340 
7112 
4834 6584 
9645 
8154 8163 
8594 
9017 
8982 10100 
9302 
2594 
6922 
3663 
3655 
7515 
7161 
4549 
1596 
6917 
9901 
7164 
9079 
7426 
10115 10199 
9262 
8256 
9448 
10081 
7844 
7567 
9971 
2219 3876 8901 9363 
5910 
5931 
9842 
6956 
6095 
6995 7025 
790 
10042 
6945 
3254 
5169 
10093 
10158 
2652 2733 2752 6239 
3207 
2604 4445 
9381 
2298 
10193 
3180 3729 3793 4038 4881 6366 8911 8951 8973 
2516 
872 
1136 
2360 
7687 
2238 7316 
7478 
290 
2865 
4536 
2059 2154 
6154 9123 
2359 
3816 
7870 
1465 
2607 7609 
2978 
2950 3073 4489 
2399 8718 10031 
776 
557 
2548 
1859 2321 
2335 
4013 
1774 2305 6208 9662 9694 
3486 
9875 
7982 
9478 
8552 
3370 
9958 
487 
9291 
8465 8577 
9327 
2358 
2451 
650 
518 
438 
1249 
3139 
7817 
4262 
9586 
7576 
8213 
3143 
7635 
7583 
7593 
4369 
9525 
2398 
7527 
9340 
9469 
9684 
9407 
8264 
9535 
426 
2254 
6275 
2582 
6003 
6344 
5866 
3229 
251 
9768 
416 
2510 
466 
6441 
1515 
8287 
1664 
928 
2956 
2225 3930 
1498 
1562 
2374 
5963 
1053 
9688 9741 
2871 2999 3087 5011 
6811 
1758 
1424 
6486 
4441 
5577 
2597 
4277 
3249 
1696 
1904 
7746 
3789 
6215 
8957 
1208 8152 
7819 
125 
840 
8132 
9637 
2687 
6708 
5042 
148 
116 
3957 
2581 
8329 
5151 
9402 
9515 
308 
1714 
7125 
192 
1753 
2286 
5330 
3394 
1955 
3012 4273 
5996 
4182 
7518 
7630 
7007 
8962 
8168 
276 
300 
2993 
7051 
7535 7562 
7818 
9968 
147 
6492 
5464 
5449 
5902 
728 
996 
423 
8222 
4294 5175 
860 
5956 
6156 
2931 3021 
1153 
925 
1577 
1900 
1797 
1903 3801 
1468 1818 2009 
947 
3900 4697 
8521 
938 
8563 9456 
6795 
3759 
5576 
1891 
202 588 
1231 
6645 
5141 
7989 
9802 
337 
6790 
4256 
10185 
2599 
4438 
4243 
3798 
5807 
4318 
7407 
9919 
7850 9192 
7690 
8620 
8478 
1350 4452 
5827 
3731 3782 5642 6254 7517 
3638 8005 
8475 
5494 
8488 
9062 
7729 
9482 
6181 
10070 
5983 
6866 
5646 
6454 7939 
6987 
2005 
662 817 1375 2663 2783 
54 1038 
655 
4638 
1072 
5369 
1961 
1632 
3681 
4171 
4131 
2318 
10023 
4181 8818 
471 
2089 2400 8621 
5920 6032 6121 
7809 
2126 
7514 
5501 
7661 
5633 
6619 
9373 
3495 
3275 
225 
9468 
2879 
1099 
7636 
3375 
2959 
9305 
9818 
10180 
6222 9083 
9869 
3963 
6351 
7071 
6111 
6623 
3727 
8114 
9467 
9336 
6132 
7475 
9553 
8217 
8118 
9990 
8055 
6842 
9537 
5898 
5997 
1435 
7677 
8200 
8207 
236 
1816 
3569 3824 
804 
1105 
9932 
4636 
8169 
10151 
5136 
822 
9317 
8815 
48 
4419 
515 
7236 
4098 
5109 6489 9638 
7393 
6595 6846 
7654 
1413 
2342 
9409 
10107 
8749 
2416 
9794 
1828 
6643 
7955 
9807 
4873 
9959 
10109 
6960 
2481 2524 3735 3891 4042 5356 5733 6762 6765 6822 6906 7803 8031 8064 8129 9599 9734 9996 10114 10145 10198 10234 
1786 
8324 
7959 8319 9906 
4815 
5181 
120 
2665 
9193 
5119 
9965 
5821 
4296 
9174 
9453 
687 
6012 
6434 
8556 
4465 
2551 
8548 8587 
1919 
3427 
4305 
4995 
5073 
5556 
5780 
9702 
9355 
10140 
10227 
8935 
7239 
8904 
6839 
8123 8131 8170 8188 8251 
8309 
7674 
7632 
9356 
4175 
4349 
8204 
10243 
1599 
8591 
7857 
2240 
5110 
5077 
5205 
3195 
6954 
8477 
7036 
4650 7623 
6328 
8996 
2702 
7774 
195 
9699 
9895 
8468 
1947 
4896 
3651 
8433 
8755 
8860 
6084 
3836 
9431 
7070 
6510 
9655 
10116 10200 
2 12 16 30 32 33 44 51 57 58 60 61 64 67 77 81 85 88 92 94 95 108 119 128 134 138 140 152 154 156 177 178 180 189 200 204 207 218 224 227 232 237 238 239 250 257 288 289 291 294 298 304 311 316 340 351 352 356 361 384 406 409 445 456 477 479 486 497 499 509 523 550 554 559 578 583 590 623 632 634 675 680 698 701 702 708 717 718 719 721 723 729 747 758 765 774 826 827 853 862 863 885 890 894 901 908 910 917 920 922 944 945 962 964 968 971 1009 1011 1022 1031 1073 1076 1078 1084 1085 1126 1134 1148 1155 1161 1163 1167 1194 1205 1220 1221 1222 1229 1243 1262 1263 1265 1268 1270 1286 1288 1295 1297 1304 1315 1324 1329 1330 1331 1333 1334 1335 1338 1340 1344 1347 1349 1351 1352 1354 1358 1360 1365 1368 1374 1376 1377 1378 1381 1389 1401 1406 1409 1415 1417 1429 1430 1433 1446 1453 1454 1455 1475 1482 1490 1500 1512 1519 1523 1525 1527 1537 1553 1557 1566 1575 1581 1583 1601 1607 1620 1621 1627 1634 1635 1637 1638 1639 1644 1649 1666 1675 1677 1680 1681 1686 1687 1688 1700 1711 1716 1718 1719 1725 1727 1729 1732 1734 1736 1740 1743 1744 1750 1751 1754 1757 1763 1764 1765 1766 1773 1776 1802 1810 1811 1813 1820 1821 1822 1825 1826 1832 1834 1841 1842 1843 1844 1855 1862 1868 1869 1883 1885 1897 1909 1913 1915 1922 1923 1926 1928 1931 1936 1939 1942 1943 1945 1948 1954 1958 1962 1964 1968 1978 1980 1985 1988 1989 1995 1998 2002 2007 2011 2013 2016 2017 2018 2019 2020 2023 2029 2032 2041 2058 2060 2070 2073 2079 2083 2093 2095 2102 2113 2128 2132 2138 2153 2157 2178 2181 2197 2201 2202 2203 2204 2205 2211 2214 2215 2217 2230 2242 2247 2259 2262 2263 2264 2267 2270 2272 2279 2281 2282 2284 2287 2288 2290 2301 2302 2303 2310 2311 2329 2330 2338 2339 2364 2368 2372 2382 2385 2386 2404 2411 2417 2428 2440 2470 2474 2475 2478 2480 2483 2488 2489 2498 2501 2538 2545 2552 2555 2557 2565 2567 2570 2583 2585 2586 2593 2620 2623 2627 2631 2634 2636 2640 2649 2661 2664 2675 2690 2699 2700 2709 2716 2720 2723 2732 2743 2766 2767 2769 2773 2777 2779 2780 2785 2793 2801 2810 2821 2825 2830 2836 2843 2850 2852 2855 2862 2866 2881 2885 2889 2894 2911 2917 2921 2924 2937 2940 2943 2947 2949 2953 2979 2984 2986 2992 2996 2997 3011 3027 3028 3031 3034 3041 3044 3046 3052 3055 3065 3067 3069 3074 3076 3078 3095 3105 3114 3116 3117 3127 3128 3134 3136 3140 3144 3161 3162 3175 3187 3189 3190 3200 3209 3214 3217 3224 3226 3227 3236 3241 3243 3245 3253 3255 3260 3296 3305 3306 3311 3321 3332 3336 3340 3343 3351 3359 3360 3372 3384 3385 3386 3388 3397 3406 3410 3417 3419 3422 3438 3442 3447 3451 3452 3455 3457 3460 3466 3474 3476 3477 3481 3482 3499 3501 3502 3503 3510 3514 3515 3522 3526 3534 3535 3536 3538 3547 3550 3557 3566 3568 3575 3583 3584 3591 3593 3601 3609 3610 3616 3626 3630 3631 3632 3641 3643 3645 3646 3647 3653 3659 3666 3686 3687 3690 3703 3704 3707 3715 3716 3717 3724 3733 3736 3737 3738 3740 3743 3757 3770 3774 3786 3802 3803 3821 3823 3826 3827 3831 3837 3847 3848 3849 3852 3855 3859 3864 3870 3883 3897 3903 3917 3931 3934 3937 3940 3941 3943 3944 3956 3962 3970 3971 3978 3981 3984 3989 3990 3994 3996 4007 4011 4024 4025 4041 4045 4050 4066 4067 4075 4077 4087 4095 4097 4106 4108 4109 4114 4115 4126 4134 4137 4138 4143 4144 4145 4146 4148 4155 4157 4158 4163 4164 4166 4168 4177 4188 4190 4196 4197 4208 4222 4229 4247 4248 4253 4258 4259 4272 4275 4281 4284 4300 4306 4309 4311 4313 4320 4322 4326 4327 4329 4332 4335 4340 4345 4353 4355 4356 4360 4361 4364 4366 4373 4379 4381 4385 4388 4403 4413 4417 4421 4429 4432 4434 4435 4451 4456 4460 4462 4463 4468 4471 4475 4480 4481 4483 4485 4487 4498 4507 4508 4512 4515 4516 4517 4519 4526 4531 4534 4535 4540 4546 4548 4560 4561 4568 4572 4574 4580 4588 4590 4595 4602 4605 4607 4615 4616 4641 4644 4647 4660 4662 4664 4666 4668 4671 4673 4675 4701 4710 4714 4716 4718 4721 4727 4730 4731 4740 4744 4745 4749 4752 4753 4757 4762 4763 4764 4765 4769 4771 4775 4781 4788 4803 4818 4819 4826 4829 4838 4842 4848 4858 4859 4862 4863 4865 4868 4875 4877 4887 4890 4898 4904 4909 4917 4918 4926 4927 4931 4936 4938 4940 4945 4946 4948 4953 4958 4960 4965 4968 4969 4970 4976 4978 4982 4984 4985 4986 4990 4994 5001 5004 5006 5010 5013 5015 5016 5017 5022 5023 5024 5026 5033 5034 5051 5052 5059 5062 5065 5067 5074 5080 5084 5096 5099 5101 5121 5125 5134 5135 5145 5149 5150 5155 5158 5177 5182 5185 5194 5195 5197 5201 5202 5209 5210 5213 5224 5225 5226 5227 5237 5240 5242 5243 5249 5253 5256 5258 5261 5273 5275 5276 5278 5290 5305 5315 5316 5319 5326 5327 5336 5338 5342 5343 5344 5355 5365 5368 5373 5383 5386 5389 5403 5404 5412 5424 5427 5439 5440 5445 5446 5448 5451 5471 5476 5478 5482 5484 5490 5495 5498 5499 5505 5508 5517 5524 5525 5526 5527 5529 5537 5540 5559 5568 5585 5587 5596 5597 5605 5611 5630 5632 5636 5639 5641 5643 5656 5664 5668 5672 5697 5701 5720 5725 5738 5740 5743 5744 5764 5772 5775 5781 5782 5789 5799 5805 5810 5811 5820 5830 5831 5844 5850 5852 5853 5857 5858 5860 5868 5871 5877 5878 5881 5882 5889 5891 5892 5894 5901 5924 5925 5926 5927 5930 5941 5959 5962 5965 5977 5990 5999 6011 6024 6025 6027 6034 6035 6045 6048 6050 6056 6067 6073 6078 6079 6080 6082 6087 6099 6100 6106 6116 6128 6136 6138 6146 6159 6168 6169 6171 6175 6176 6179 6180 6193 6201 6205 6212 6214 6216 6221 6223 6234 6235 6238 6245 6246 6251 6252 6256 6268 6269 6272 6273 6283 6294 6298 6310 6320 6329 6332 6337 6345 6348 6353 6355 6357 6358 6373 6378 6382 6383 6386 6390 6394 6397 6398 6405 6409 6410 6411 6421 6426 6427 6428 6430 6436 6437 6440 6449 6452 6453 6457 6459 6472 6474 6490 6499 6503 6507 6509 6512 6516 6524 6525 6527 6537 6545 6547 6553 6557 6558 6562 6563 6564 6567 6569 6578 6579 6582 6588 6600 6607 6611 6629 6631 6641 6650 6655 6656 6659 6671 6674 6678 6694 6700 6706 6710 6713 6714 6722 6725 6734 6739 6744 6754 6770 6774 6785 6793 6802 6808 6810 6831 6832 6833 6835 6837 6848 6850 6857 6865 6870 6871 6879 6881 6885 6886 6890 6892 6895 6897 6902 6905 6912 6921 6923 6925 6944 6965 6989 6991 6997 6998 7002 7009 7011 7014 7019 7041 7050 7060 7064 7066 7069 7080 7091 7094 7109 7111 7132 7133 7136 7148 7154 7157 7158 7171 7172 7178 7180 7185 7191 7196 7198 7202 7206 7215 7216 7218 7219 7220 7221 7226 7227 7243 7244 7246 7251 7252 7267 7268 7271 7273 7284 7290 7292 7294 7297 7301 7305 7306 7309 7315 7325 7328 7333 7346 7359 7360 7373 7380 7384 7387 7394 7401 7403 7405 7410 7422 7423 7425 7429 7435 7436 7444 7454 7461 7462 7472 7473 7485 7489 7491 7493 7494 7495 7499 7505 7506 7508 7528 7529 7538 7539 7545 7546 7549 7553 7558 7572 7574 7599 7601 7602 7603 7605 7614 7627 7628 7634 7642 7643 7644 7645 7648 7650 7657 7660 7671 7672 7678 7679 7680 7683 7692 7721 7722 7744 7745 7748 7755 7764 7775 7777 7778 7790 7795 7797 7807 7810 7812 7831 7852 7858 7860 7861 7866 7867 7874 7886 7891 7895 7904 7907 7909 7913 7914 7915 7916 7920 7922 7923 7927 7935 7936 7957 7958 7967 7971 7973 7974 7978 7992 7993 7994 8007 8025 8030 8032 8034 8037 8063 8073 8074 8088 8092 8095 8097 8101 8116 8124 8138 8141 8145 8160 8166 8171 8203 8212 8214 8215 8225 8230 8252 8257 8263 8267 8292 8295 8302 8310 8314 8328 8330 8345 8349 8356 8363 8370 8373 8388 8397 8399 8403 8407 8410 8411 8419 8421 8425 8426 8428 8429 8430 8434 8437 8438 8440 8447 8449 8450 8455 8456 8461 8473 8479 8481 8482 8487 8495 8513 8515 8516 8517 8518 8519 8523 8529 8530 8533 8535 8539 8544 8554 8558 8559 8567 8570 8571 8597 8606 8614 8633 8638 8649 8651 8657 8680 8688 8691 8693 8694 8696 8709 8723 8729 8738 8741 8745 8752 8770 8772 8773 8774 8775 8778 8783 8784 8789 8792 8800 8801 8803 8809 8821 8823 8824 8828 8831 8832 8835 8838 8839 8840 8854 8857 8858 8862 8863 8864 8868 8870 8875 8879 8880 8882 8889 8897 8900 8915 8917 8919 8926 8928 8929 8946 8956 8958 8963 8968 8969 8970 8972 8976 8978 8979 8987 8988 8989 8990 8997 9000 9001 9013 9014 9020 9021 9022 9027 9031 9037 9054 9058 9070 9091 9096 9106 9107 9111 9114 9120 9124 9127 9131 9134 9136 9137 9149 9154 9158 9160 9162 9164 9167 9170 9177 9182 9183 9188 9189 9197 9198 9206 9223 9226 9236 9240 9252 9274 9276 9286 9288 9296 9297 9299 9309 9312 9313 9320 9322 9323 9330 9347 9353 9383 9386 9387 9416 9425 9427 9440 9441 9451 9457 9459 9461 9464 9466 9475 9499 9501 9504 9506 9507 9510 9518 9527 9530 9531 9536 9558 9559 9568 9574 9578 9579 9587 9589 9593 9600 9601 9608 9609 9616 9624 9627 9629 9632 9634 9636 9649 9650 9657 9660 9663 9671 9677 9681 9687 9690 9692 9695 9697 9703 9706 9708 9710 9715 9717 9720 9721 9722 9725 9726 9747 9756 9757 9759 9760 9762 9764 9765 9767 9771 9773 9775 9785 9792 9793 9795 9798 9799 9800 9804 9809 9811 9817 9819 9824 9829 9832 9837 9838 9840 9848 9850 9858 9859 9860 9861 9865 9866 9868 9874 9881 9884 9888 9890 9891 9904 9905 9911 9920 9924 9933 9934 9940 9970 9972 9974 9977 9982 9985 9993 9999 10006 10010 10011 10012 10016 10026 10029 10032 10046 10052 10054 10055 10056 10065 10068 10071 10076 10090 10096 10106 10110 10123 10128 10142 10143 10162 10164 10166 10167 10169 10170 10171 10172 10174 10179 10191 10205 10206 10211 10218 10219 10220 10222 10240 10244 10245 
118 
208 
11 29 1219 
2792 
5586 
5222 
1540 
4604 6088 
4820 4870 8846 
7551 
3137 4759 
6195 
1674 
5232 
10028 
1373 1717 1728 
1571 
9803 
10058 
8205 
8165 
3820 4297 4486 4791 4889 5604 6385 8512 9931 
7604 
2363 
7887 
2861 8524 9300 
1612 1902 
1979 
2103 
2380 
3005 
5555 
5329 
6046 
7728 
5061 
8136 
9458 
9815 
1863 2490 8700 9331 
6803 
3014 
6127 
6160 
297 
679 
171 
2194 
10251 
5614 
6999 
6018 
1852 2571 3504 8719 
2508 
711 
1602 
8971 
5634 8313 
213 1328 1819 2001 2248 2479 2630 2711 4431 5958 6077 6206 6237 6278 7908 8443 8453 
9857 10165 
4541 6947 
775 
339 
744 
946 
1047 
107 
129 
1030 
75 1306 
319 
1164 
568 
1218 
1059 
1873 
529 
815 
1146 
877 
1128 
2236 
7258 
2125 
6515 
162 
360 
936 
274 
467 
267 461 5156 
275 
468 
517 
256 
3234 
307 956 
977 
234 
7395 
2081 
1248 
669 699 899 
245 
4750 
4474 
4089 
5430 
5041 
6184 
3045 
2760 
2443 
408 
660 
9396 
3112 
6007 
5271 
1127 
378 
1269 
4635 
7374 
6880 
1935 4464 6538 
6814 
7719 
6821 
8216 
5806 
7702 7709 
6266 
7840 
734 7584 
1449 
3512 
5188 
7594 
52 
2136 
430 
909 
4780 
6852 
547 
652 
659 
921 
2660 
1211 
8960 
2304 
2258 
8856 
1405 
3023 
3159 
7649 
9693 
3748 4841 
889 
9289 
2893 
7758 
1416 
1462 
1790 
6620 
1138 
398 6978 7615 
6729 
6640 
7952 
7519 7530 
7560 
1395 
1772 
7433 
2033 
10036 
3747 
5655 
3739 
4107 
5370 
5493 
7140 7146 
5998 
4680 
5124 
2212 
6292 
6406 
10098 
6311 
6287 
4026 4035 5402 5410 5422 5472 
2681 
9205 
7118 
6747 
63 
3581 
3675 
5800 
5874 
722 
3326 
2730 
8877 
3277 
5031 
6548 
6721 
8931 
8284 
1559 
3411 
8920 
8185 
3287 
3995 
4036 
3335 
8146 
8503 
3832 
4307 
9437 
6304 
4047 
5514 
5547 
1809 
4228 
6841 
7092 
5739 
3532 
4058 
5969 5975 
5200 
6126 
7800 
3453 
9266 
3553 3985 5340 5454 
3769 
8622 
7691 
9428 
476 
866 
6868 
1111 
2344 
10177 
2271 
2371 
9912 
10008 
7229 
4004 
9705 
7851 
8106 
9564 
9023 9737 10080 
9406 
7497 
8689 
9682 
8127 
1364 
9834 
3297 3544 6217 
9397 
2975 
1697 
4861 
6248 
8432 
9791 
1509 1685 1946 2012 2701 3178 3357 3494 3726 3862 4136 4925 5014 5050 5523 5667 5819 5851 6354 6712 7626 8899 8909 
7237 
6556 
6915 
7072 
7217 
7659 
3644 6342 7417 
5349 
6028 
6149 
4719 
6610 
9235 
5886 
8015 
7385 
2682 
9339 
1645 
1633 
2024 
5144 
3367 
4218 
6568 
6903 
2293 
2550 
1021 
1039 
1156 
1548 
2731 
2914 
5728 
5535 
5758 
1258 6936 6968 
7047 
6670 
6577 7027 
8054 
7355 
1193 
1739 
4690 
3216 
9825 
9061 
9871 
6738 
8802 
3603 
3376 
3399 
4078 
4187 
4350 
8612 
3205 
3695 
4442 
5133 
4739 
9447 
8602 9953 
8878 
8266 
8389 
9902 
8782 
5032 
8670 
5987 
8762 
9892 
9639 
8632 
3942 
4099 
9479 
10207 
8888 10217 
9002 
1762 
2811 
3902 
2353 
9554 10111 
10153 
1209 
1467 
4104 
5235 
7820 
6511 
4003 
6820 8462 
149 4387 
3286 6977 
2619 
7455 
9781 
9050 
6958 
9997 
7194 
7188 
9500 
3346 
3685 
8066 
8117 
6830 
9628 
9770 
3779 
5003 
5862 
5976 
5809 
5380 
4402 
6312 
9595 
2600 
9880 
9845 
2851 
8640 
9349 
6420 
6465 
8004 
9716 
9359 
9648 
8420 
9090 
2944 
3533 
6432 
9308 
2995 
9129 
4238 
8400 
3932 
8650 
5300 
4250 
4328 
4338 
4593 
4594 6259 
7446 
4708 
6333 
9942 
4993 
7128 
7465 
7167 
6228 
10195 
10154 
5105 
5359 
5623 
6322 
6649 
7841 
7919 
10122 
3634 
8555 
3592 
5678 
5212 
5778 
5718 
5083 
4667 
8813 
9277 
9584 
7279 
8991 
9533 
7476 
10017 
10069 
10099 
987 
5839 
6455 
7995 
9986 
9319 
8940 
7863 
7571 
20 87 97 139 191 201 223 285 329 350 369 388 419 439 450 478 498 510 538 558 569 591 612 622 631 640 690 754 766 784 794 805 824 836 845 854 930 937 967 997 1010 1069 1080 1090 1101 1122 1173 1183 1202 1230 1240 1279 1284 1285 1296 1317 1341 1353 1385 1428 1438 1471 1479 1487 1499 1518 1530 1580 1590 1623 1654 1665 1707 1752 1781 1798 1831 1840 1884 1892 1914 1925 1957 1969 1991 2034 2042 2052 2062 2071 2092 2114 2146 2156 2166 2175 2185 2206 2213 2226 2280 2325 2334 2392 2403 2413 2423 2433 2450 2460 2469 2499 2518 2528 2539 2560 2578 2591 2610 2639 2650 2671 2692 2721 2741 2750 2770 2781 2802 2820 2831 2842 2872 2882 2903 2925 2934 2955 2965 2985 3033 3054 3064 3077 3094 3104 3113 3126 3148 3170 3188 3197 3225 3246 3257 3267 3317 3387 3423 3432 3443 3464 3473 3485 3513 3523 3562 3571 3614 3624 3656 3665 3705 3714 3758 3791 3800 3809 3841 3851 3872 3884 3893 3911 3921 3953 3964 3973 4016 4068 4118 4127 4147 4156 4167 4176 4198 4207 4260 4269 4280 4289 4317 4362 4372 4382 4392 4412 4422 4453 4497 4506 4518 4529 4553 4562 4573 4584 4614 4625 4646 4656 4700 4728 4770 4800 4830 4850 4879 4897 4907 4916 4937 4947 4959 4971 4981 5025 5072 5095 5114 5167 5176 5241 5252 5264 5272 5283 5291 5309 5320 5391 5411 5431 5441 5461 5483 5504 5566 5575 5593 5645 5688 5698 5709 5749 5768 5788 5828 5897 5906 5917 5929 5940 5949 6008 6038 6057 6066 6098 6109 6119 6137 6172 6267 6293 6364 6374 6396 6407 6443 6475 6494 6505 6526 6589 6599 6630 6660 6681 6692 6701 6756 6775 6784 6794 6862 6869 6891 6926 6988 7018 7037 7059 7082 7100 7110 7119 7147 7156 7177 7205 7248 7269 7291 7303 7314 7326 7338 7345 7406 7428 7438 7507 7540 7637 7669 7681 7710 7738 7747 7769 7789 7811 7821 7832 7875 7896 7932 7942 7962 7972 7983 8024 8035 8085 8096 8155 8175 8194 8226 8236 8245 8255 8275 8294 8303 8323 8333 8342 8351 8360 8371 8380 8409 8463 8474 8485 8496 8534 8545 8566 8575 8584 8593 8641 8660 8679 8710 8728 8740 8751 8771 8793 8822 8834 8869 8949 8981 9012 9032 9042 9072 9081 9100 9110 9119 9139 9151 9161 9173 9185 9196 9215 9224 9245 9255 9370 9379 9389 9417 9438 9470 9490 9512 9522 9544 9573 9606 9617 9659 9672 9728 9748 9758 9921 9964 9976 10037 10047 10089 10229 10239 
36 
39 
3307 
40 150 488 581 601 3086 6764 7781 10144 
371 
600 
49 372 644 
59 
606 870 
7701 
674 
1459 
5879 
1154 
68 2776 7624 7883 7951 7979 9231 9285 9653 9689 9727 
312 
3361 
1701 
4987 
6412 
9015 
4569 
135 
960 
1419 
852 
1641 
1924 
2547 
8541 
696 
1314 
7928 
3835 8913 
9282 
84 
273 
1275 
317 
79 
813 
4787 
801 
5767 
8725 
2749 
8003 
9935 
184 
1168 
1370 
9823 
1554 
2789 
8628 
3878 
3500 3804 
3775 
4627 
1187 
740 
3032 
4559 
4651 
1036 
3273 
3381 
2245 
1586 
3166 
8232 
3772 
8247 8764 8933 
5480 7411 7704 
3157 
3325 
3398 
5090 
5890 
3404 
333 
161 
2606 
2670 
2362 
6615 
7918 
9605 
9718 
1130 
101 
6894 7348 
141 1690 
5138 
1896 
7035 
3875 5433 
3285 
3684 
2387 3135 3993 5452 9763 
8219 
2873 
5798 
3754 
6006 
6010 
6255 
253 
7658 
9357 
4491 9325 10007 
3518 3732 3783 
5257 
8781 
5912 
2841 
1217 
1735 9867 
8240 
9939 
6145 6976 
2822 9575 
7061 8011 
500 
1002 
322 
4140 
7524 
3767 6393 
8404 
2857 7579 8635 
5542 
1625 
4778 
1938 
8080 
7646 
567 
1749 6114 
1952 
2710 
2839 
1661 
2846 
5705 
6683 
4044 
3926 
7266 
9567 
2036 3373 
4954 
7210 
5093 5413 
2535 
10049 
1592 7300 7414 7986 
10131 
2957 4997 
8268 
5199 
7067 
6158 
7452 
1399 
2680 
3555 
3674 4210 6665 
4808 
5905 
9273 
10057 
1963 3039 8161 
2954 
6953 
7612 
7712 
8398 
4032 7696 
1425 
1771 
552 
5377 8338 
5791 5843 
6876 
2190 
1327 
6192 
7633 
7805 
2108 
9426 
9505 
5916 
5993 
5159 
6030 
8364 
8467 
9105 
9362 
5250 8418 9709 9774 9847 
8833 
9211 
9552 
9598 
8925 
6479 
9335 
114 
7474 
10176 
3096 
6639 
7752 
4051 7512 
9742 
117 
263 
457 
258 
6580 
3688 8435 
212 5794 5847 5938 6090 
5064 
5456 
7055 
643 1917 2133 2890 7320 
10119 10132 
1348 5399 6849 8735 10255 
4933 
5973 
6141 
9969 
9994 
524 3595 7274 9612 
410 4957 
884 3439 3650 7930 
2198 
6990 
7331 
3056 10241 
9615 
9430 
5361 
5474 
8331 
7372 
9365 
6439 
9293 
3463 
5416 
3531 
4074 
5985 
5429 
2046 3537 3611 3918 4029 5700 
9147 
3935 4341 
9805 
6167 
9187 
10223 
2251 
6711 
6296 
8716 
9321 
9460 
226 
573 
387 
2688 
888 
91 
3915 
5745 
5079 
1648 3637 
8281 
6037 
8799 
3929 5211 6652 
2455 
7665 
4211 
4314 
355 
841 
1160 
924 
3320 
7184 
7689 
8619 
6471 9055 
1181 
168 
338 1780 
1882 
1899 
5838 
1528 3239 9669 
3152 
1278 
2860 
9542 
8043 
4255 
2370 
8581 
4091 
7902 9930 
9304 
3856 
6914 
3169 7296 
7894 
4083 
10256 
7925 
3906 
7966 
7513 
9486 
847 
875 
5457 
241 
743 
1299 
3622 
7225 
8881 
4906 
9085 
10184 
3708 
8656 
4696 6932 
3291 
5784 
5364 
5893 
7717 
5955 
2698 
8489 
2918 
4895 
7537 
3026 5438 
8791 
9563 
9831 
8945 
6769 
7600 
8091 
4496 
7353 
1444 2131 3232 
8965 
995 
2048 
2289 
2313 4809 
3437 
1890 
2278 7776 
2378 
3446 
3020 
10051 
5519 
6838 
8112 
8406 
4154 6319 
4665 
3629 
2573 
8387 
8769 
3080 8172 8189 10137 
4914 
1817 
2343 
2878 
4686 
1474 
1783 
3191 
4774 
6244 
4125 8608 
1845 
2566 
3008 
4634 
6554 
6574 
7504 
6736 
6115 
7363 
7443 
2899 
6792 7095 9006 
3658 8501 
9517 
9724 
5714 
9374 
9878 
2458 4703 5288 5378 5500 5510 6060 7276 
5724 
543 1316 
1987 
2425 
5388 
8592 
6829 
2598 3888 
1576 
2008 
2809 
3215 
8601 
4717 
6341 
9984 
1932 3270 3363 3467 
3949 
1393 
1618 
9423 
4398 
5946 
6041 
6741 
5035 
9975 
9446 
3203 
2496 
8013 
9048 9125 
2179 2556 4736 8327 8344 9766 
4203 
7153 
2462 
7763 
8300 
3091 
9529 
7743 
396 821 1199 3815 5872 6544 7641 8307 8353 9077 10160 
412 
536 
587 
8211 
607 668 
895 
1400 
1414 
9474 
2526 
1796 
1801 
1506 
8322 
4237 
7022 
1423 
4019 
1552 
9261 
2774 
2913 
4183 
4173 
5118 
7849 
2061 2990 
436 
3058 
3098 
8253 
5152 
10025 
1497 
9254 
1536 
1673 
2078 
2402 
3797 
2952 
4354 
8520 
9036 9580 
5717 
6684 
8272 
1997 3353 4952 6724 
7698 
2050 6691 
1177 
1598 
3331 
9647 
2553 
3379 
9784 
9918 
2617 
2768 
9497 9549 
8224 
9157 
5325 
8550 
8396 
9712 
2888 
9455 
2907 4242 
5076 
8367 
3489 
5397 
3223 
3521 
3979 4012 
4547 
5162 
5797 
8242 
9777 
10002 
10190 
8630 
9069 
3341 5406 
8125 
3958 
9896 
2407 
2658 
4286 
4192 
4302 
5207 9181 
2192 
2331 
3899 
4461 
5552 
2069 
2818 
2983 
9755 
2930 
3969 
4165 
8665 
4133 
5174 
6105 
8374 
8684 
8717 
9315 
9675 
9732 
7806 
8647 
8339 
3755 9030 
5217 5229 5696 
7264 
7368 
8562 
9191 
8153 
8199 
2421 3120 3280 6627 
1835 
3702 
6666 
4293 8162 
3124 
8938 
5048 
6233 
6381 
8262 
5982 
4426 
4847 
5043 
4923 8181 
4833 
2968 4420 
3430 
4065 
5297 
5358 
5651 
6800 
7343 
7656 
7947 
7825 
8133 
5384 
9241 
9623 
10194 
9433 
4072 
9670 
4232 
546 763 1005 1457 1529 1800 1806 1959 1975 2162 2320 2521 2532 2587 2677 2961 3001 3119 3123 3154 3492 5075 5722 6414 6419 6583 6690 7570 7693 8736 9228 9661 9704 9925 
3756 
9894 
8859 
6565 
714 1568 
803 
2319 
1858 
2725 
1287 
7453 
7379 
3238 9143 
4552 
2224 
7581 
2117 
8959 
9698 
206 428 494 685 727 965 1103 1232 1526 2876 3585 5148 8315 8790 8918 9218 9480 9723 
78 448 506 571 742 828 1051 1074 1095 1097 1345 1359 1493 1563 1658 2129 2216 2384 2580 2589 2629 3066 3972 4249 4346 4357 4450 4472 4479 4509 4577 4674 4741 4766 5335 5885 5934 6901 7057 7159 7214 7272 7283 7573 7590 7762 7780 7839 7965 8412 8471 8494 8754 8845 9132 9159 9165 9171 9352 9502 9678 9754 9870 9950 10072 10141 10249 
181 
577 
795 
2438 
4394 
7250 7865 
1319 1440 1614 3811 5190 5595 6445 8108 8277 9257 9419 
6952 
1320 1441 1615 3812 4395 5191 6446 8109 8278 9258 9420 
4396 
1321 1442 1616 3813 5192 6447 8110 8279 9259 9421 
2294 
7944 
1708 3954 4005 7038 7822 9491 9545 
1971 2177 
2306 
1930 
2448 
1870 
1880 
2109 
5219 
1833 1860 2003 2080 2249 2322 2336 2418 2452 2502 2549 2554 
2316 
6485 
1851 1854 1908 1950 1967 2022 2031 2183 2221 2269 2350 2512 2542 2564 
6483 
7008 
7487 
2314 4810 7195 7364 8045 8076 10134 10186 
6872 
6851 7010 7135 7166 7179 7197 7480 
7012 7137 7181 7199 7222 
8599 
8572 8624 
8384 
8325 8340 8354 8375 8391 8469 8504 8547 8586 8617 8643 8661 8672 8674 8685 
 
 
 
 
 
 
 
 
 
 
 
 
 
 
 
 
 
 
 
 
 
 
 
 
 
 
 
 
 
 
 
 
 
 
 
 
 
 
 
 
 
 
 
 
 
 
 
 
 
 
 
 
 
 
 
 
 
 
 
 
 
 
 
 
 
 
 
 
 
 
 
 
 
 
 
 
 
 
 
 
 
 
 
 
 
 
 
 
 
 
 
 
 
 
 
 
 
 
 
 
 
 
 
 
 
 
 
 
 
 
 
 
 
 
 
 
 
 
 
 
 
 
 
 
 
 
 
 
 
 
 
 
 
 
 
 
 
 
 
 
 
 
 
 
 
 
 
 
 
 
 
 
 
 
 
 
 
 
 
 
 
 
 
 
 
 
 
 
 
 
 
 
 
 
 
 
 
 
 
 
 
 
 
 
 
 
 
 
 
 
 
 
 
 
 
 
 
 
 
 
 
 
 
 
 
 
 
 
 
 
 
 
 
 
 
 
 
 
 
 
 
 
 
 
 
 
 
 
 
 
 
 
 
 
 
 
 
 
 
 
 
 
 
 
 
 
 
 
 
 
 
 
 
 
 
 
 
 
 
 
 
 
 
 
 
 
 
 
 
 
 
 
 
 
 
 
 
 
 
 
 
 
 
 
 
 
 
 
 
 
 
 
 
 
 
 
 
 
 
 
 
 
 
 
 
 
 
 
 
 
 
 
 
 
 
 
 
 
 
 
 
 
 
 
 
 
 
 
 
 
 
 
 
 
 
 
 
 
 
 
 
 
 
 
 
 
 
 
 
 
 
 
 
 
 
 
 
 
 
 
 
 
 
 
 
 
 
 
 
 
 
 
 
 
 
 
 
 
 
 
 
 
 
 
 
 
 
 
 
 
 
 
 
 
 
 
 
 
 
 
 
 
 
 
 
 
 
 
 
 
 
 
 
 
 
 
 
 
 
 
 
 
 
 
 
 
 
 
 
 
 
 
 
 
 
 
 
 
 
 
 
 
 
 
 
 
 
 
 
 
 
 
 
 
 
 
 
 
 
 
 
 
 
 
 
 
 
 
 
 
 
 
 
 
 
 
 
 
 
 
 
 
 
 
 
 
 
 
 
 
 
 
 
 
 
 
 
 
 
 
 
 
 
 
 
 
 
 
 
 
 
 
 
 
 
 
 
 
 
 
 
 
 
 
 
 
 
 
 
 
 
 
 
 
 
 
 
 
 
 
 
 
 
 
 
 
 
 
 
 
 
 
 
 
 
 
 
 
 
 
 
 
 
 
 
 
 
 
 
 
 
 
 
 
 
 
 
 
 
 
 
 
 
 
 
 
 
 
 
 
 
 
 
 
 
 
 
 
 
 
 
 
 
 
 
 
 
 
 
 
 
 
 
 
 
 
 
 
 
 
 
 
 
 
 
 
 
 
 
 
 
 
 
 
 
 
 
 
 
 
 
 
 
 
 
 
 
 
 
 
 
 
 
 
 
 
 
 
 
 
 
 
 
 
 
 
 
 
 
 
 
 
 
 
 
 
 
 
 
 
 
 
 
 
 
 
 
 
 
 
 
 
 
 
 
 
 
 
 
 
 
 
 
 
 
 
 
 
 
 
 
 
 
 
 
 
 
 
 
 
 
 
 
 
 
 
 
 
 
 
 
 
 
 
 
 
 
 
 
 
 
 
 
 
 
 
 
 
 
 
 
 
 
 
 
 
 
 
 
 
 
 
 
 
 
 
 
 
 
 
 
 
 
 
 
 
 
 
 
 
 
 
 
 
 
 
 
 
 
 
 
 
 
 
 
 
 
 
 
 
 
 
 
 
 
 
 
 
 
 
 
 
 
 
 
 
 
 
 
 
 
 
 
 
 
 
 
 
 
 
 
 
 
 
 
 
 
 
 
 
 
 
 
 
 
 
 
 
 
 
 
 
 
 
 
 
 
 
 
 
 
 
 
 
 
 
 
 
 
 
 
 
 
 
 
 
 
 
 
 
 
 
 
 
 
 
 
 
 
 
 
 
 
 
 
 
 
 
 
 
 
 
 
 
 
 
 
 
 
 
 
 
 
 
 
 
 
 
 
 
 
 
 
 
 
 
 
 
 
 
 
 
 
 
 
 
 
 
 
 
 
 
 
 
 
 
 
 
 
 
 
 
 
 
 
 
 
 
 
 
 
 
 
 
 
 
 
 
 
 
 
 
 
 
 
 
 
 
 
 
 
 
 
 
 
 
 
 
 
 
 
 
 
 
 
 
 
 
 
 
 
 
 
 
 
 
 
 
 
 
 
 
 
 
 
 
 
 
 
 
 
 
 
 
 
 
 
 
 
 
 
 
 
 
 
 
 
 
 
 
 
 
 
 
 
 
 
 
 
 
 
 
 
 
 
 
 
 
 
 
 
 
 
 
 
 
 
 
 
 
 
 
 
 
 
 
 
 
 
 
 
 
 
 
 
 
 
 
 
 
 
 
 
 
 
 
 
 
 
 
 
 
 
 
 
 
 
 
 
 
 
 
 
 
 
 
 
 
 
 
 
 
 
 
 
 
 
 
 
 
 
 
 
 
 
 
 
 
 
 
 
 
 
 
 
 
 
 
 
 
 
 
 
 
 
 
 
 
 
 
 
 
 
 
 
 
 
 
 
 
 
 
 
 
 
 
 
 
 
 
 
 
 
 
 
 
 
 
 
 
 
 
 
 
 
 
 
 
 
 
 
 
 
 
 
 
 
 
 
 
 
 
 
 
 
 
 
 
 
 
 
 
 
 
 
 
 
 
 
 
 
 
 
 
 
 
 
 
 
 
 
 
 
 
 
 
 
 
 
 
 
 
 
 
 
 
 
 
 
 
 
 
 
 
 
 
 
 
 
 
 
 
 
 
 
 
 
 
 
 
 
 
 
 
 
 
 
 
 
 
 
 
 
 
 
 
 
 
 
 
 
 
 
 
 
 
 
 
 
 
 
 
 
 
 
 
 
 
 
 
 
 
 
 
 
 
 
 
 
 
 
 
 
 
 
 
 
 
 
 
 
 
 
 
 
 
 
 
 
 
 
 
 
 
 
 
 
 
 
 
 
 
 
 
 
 
 
 
 
 
 
 
 
 
 
 
 
 
 
 
 
 
 
 
 
 
 
 
 
 
 
 
 
 
 
 
 
 
 
 
 
 
 
 
 
 
 
 
 
 
 
 
 
 
 
 
 
 
 
 
 
 
 
 
 
 
 
 
 
 
 
 
 
 
 
 
 
 
 
 
 
 
 
 
 
 
 
 
 
 
 
 
 
 
 
 
 
 
 
 
 
 
 
 
 
 
 
 
 
 
 
 
 
 
 
 
 
 
 
 
 
 
 
 
 
 
 
 
 
 
 
 
 
 
 
 
 
 
 
 
 
 
 
 
 
 
 
 
 
 
 
 
 
 
 
 
 
 
 
 
 
 
 
 
 
 
 
 
 
 
 
 
 
 
 
 
 
 
 
 
 
 
 
 
 
 
 
 
 
 
 
 
 
 
 
 
 
 
 
 
 
 
 
 
 
 
 
 
 
 
 
 
 
 
 
 
 
 
 
 
 
 
 
 
 
 
 
 
 
 
 
 
 
 
 
 
 
 
 
 
 
 
 
 
 
 
 
 
 
 
 
 
 
 
 
 
 
 
 
 
 
 
 
 
 
 
 
 
 
 
 
 
 
 
 
 
 
 
 
 
 
 
 
 
 
 
 
 
 
 
 
 
 
 
 
 
 
 
 
 
 
 
 
 
 
 
 
 
 
 
 
 
 
 
 
 
 
 
 
 
 
 
 
 
 
 
 
 
 
 
 
 
 
 
 
 
 
 
 
 
 
 
 
 
 
 
 
 
 
 
 
 
 
 
 
 
 
 
 
 
 
 
 
 
 
 
 
 
 
 
 
 
 
 
 
 
 
 
 
 
 
 
 
 
 
 
 
 
 
 
 
 
 
 
 
 
 
 
 
 
 
 
 
 
 
 
 
 
 
 
 
 
 
 
 
 
 
 
 
 
 
 
 
 
 
 
 
 
 
 
 
 
 
 
 
 
 
 
 
 
 
 
 
 
 
 
 
 
 
 
 
 
 
 
 
 
 
 
 
 
 
 
 
 
 
 
 
 
 
 
 
 
 
 
 
 
 
 
 
 
 
 
 
 
 
 
 
 
 
 
 
 
 
 
 
 
 
 
 
 
 
 
 
 
 
 
 
 
 
 
 
 
 
 
 
 
 
 
 
 
 
 
 
 
 
 
 
 
 
 
 
 
 
 
 
 
 
 
 
 
 
 
 
 
 
 
 
 
 
 
 
 
 
 
 
 
 
 
 
 
 
 
 
 
 
 
 
 
 
 
 
 
 
 
 
 
 
 
 
 
 
 
 
 
 
 
 
 
 
 
 
 
 
 
 
 
 
 
 
 
 
 
 
 
 
 
 
 
 
 
 
 
 
 
 
 
 
 
 
 
 
 
 
 
 
 
 
 
 
 
 
 
 
 
 
 
 
 
 
 
 
 
 
 
 
 
 
 
 
 
 
 
 
 
 
 
 
 
 
 
 
 
 
 
 
 
 
 
 
 
 
 
 
 
 
 
 
 
 
 
 
 
 
 
 
 
 
 
 
 
 
 
 
 
 
 
 
 
 
 
 
 
 
 
 
 
 
 
 
 
 
 
 
 
 
 
 
 
 
 
 
 
 
 
 
 
 
 
 
 
 
 
 
 
 
 
 
 
 
 
 
 
 
 
 
 
 
 
 
 
 
 
 
 
 
 
 
 
 
 
 
 
 
 
 
 
 
 
 
 
 
 
 
 
 
 
 
 
 
 
 
 
 
 
 
 
 
 
 
 
 
 
 
 
 
 
 
 
 
 
 
 
 
 
 
 
 
 
 
 
 
 
 
 
 
 
 
 
 
 
 
 
 
 
 
 
 
 
 
 
 
 
 
 
 
 
 
 
 
 
 
 
 
 
 
 
 
 
 
 
 
 
 
 
 
 
 
 
 
 
 
 
 
 
 
 
 
 
 
 
 
 
 
 
 
 
 
 
 
 
 
 
 
 
 
 
 
 
 
 
 
 
 
 
 
 
 
 
 
 
 
 
 
 
 
 
 
 
 
 
 
 
 
 
 
 
 
 
 
 
 
 
 
 
 
 
 
 
 
 
 
 
 
 
 
 
 
 
 
 
 
 
 
 
 
 
 
 
 
 
 
 
 
 
 
 
 
 
 
 
 
 
 
 
 
 
 
 
 
 
 
 
 
 
 
 
 
 
 
 
 
 
 
 
 
 
 
 
 
 
 
 
 
 
 
 
 
 
 
 
 
 
 
 
 
 
 
 
 
 
 
 
 
 
 
 
 
 
 
 
 
 
 
 
 
 
 
 
 
 
 
 
 
 
 
 
 
 
 
 
 
 
 
 
 
 
 
 
 
 
 
 
 
 
 
 
 
 
 
 
 
 
 
 
 
 
 
 
 
 
 
 
 
 
 
 
 
 
 
 
 
 
 
 
 
 
 
 
 
 
 
 
 
 
 
 
 
 
 
 
 
 
 
 
 
 
 
 
 
 
 
 
 
 
 
 
 
 
 
 
 
 
 
 
 
 
 
 
 
 
 
 
 
 
 
 
 
 
 
 
 
 
 
 
 
 
 
 
 
 
 
 
 
 
 
 
 
 
 
 
 
 
 
 
 
 
 
 
 
 
 
 
 
 
 
 
 
 
 
 
 
 
 
 
 
 
 
 
 
 
 
 
 
 
 
 
 
 
 
 
 
 
 
 
 
 
 
 
 
 
 
 
 
 
 
 
 
 
 
 
 
 
 
 
 
 
 
 
 
 
 
 
 
 
 
 
 
 
 
 
 
 
 
 
 
 
 
 
 
 
 
 
 
 
 
 
 
 
 
 
 
 
 
 
 
 
 
 
 
 
 
 
 
 
 
 
 
 
 
 
 
 
 
 
 
 
 
 
 
 
 
 
 
 
 
 
 
 
 
 
 
 
 
 
 
 
 
 
 
 
 
 
 
 
 
 
 
 
 
 
 
 
 
 
 
 
 
 
 
 
 
 
 
 
 
 
 
 
 
 
 
 
 
 
 
 
 
 
 
 
 
 
 
 
 
 
 
 
 
 
 
 
 
 
 
 
 
 
 
 
 
 
 
 
 
 
 
 
 
 
 
 
 
 
 
 
 
 
 
 
 
 
 
 
 
 
 
 
 
 
 
 
 
 
 
 
 
 
 
 
 
 
 
 
 
 
 
 
 
 
 
 
 
 
 
 
 
 
 
 
 
 
 
 
 
 
 
 
 
 
 
 
 
 
 
 
 
 
 
 
 
 
 
 
 
 
 
 
 
 
 
 
 
 
 
 
 
 
 
 
 
 
 
 
 
 
 
 
 
 
 
 
 
 
 
 
 
 
 
 
 
 
 
 
 
 
 
 
 
 
 
 
 
 
 
 
 
 
 
 
 
 
 
 
 
 
 
 
 
 
 
 
 
 
 
 
 
 
 
 
 
 
 
 
 
 
 
 
 
 
 
 
 
 
 
 
 
 
 
 
 
 
 
 
 
 
 
 
 
 
 
 
 
 
 
 
 
 
 
 
 
 
 
 
 
 
 
 
 
 
 
 
 
 
 
 
 
 
 
 
 
 
 
 
 
 
 
 
 
 
 
 
 
 
 
 
 
 
 
 
 
 
 
 
 
 
 
 
 
 
 
 
 
 
 
 
 
 
 
 
 
 
 
 
 
 
 
 
 
 
 
 
 
 
 
 
 
 
 
 
 
 
 
 
 
 
 
 
 
 
 
 
 
 
 
 
 
 
 
 
 
 
 
 
 
 
 
 
 
 
 
 
 
 
 
 
 
 
 
 
 
 
 
 
 
 
 
 
 
 
 
 
 
 
 
 
 
 
 
 
 
 
 
 
 
 
 
 
 
 
 
 
 
 
 
 
 
 
 
 
 
 
 
 
 
 
 
 
 
 
 
 
 
 
 
 
 
 
 
 
 
 
 
 
 
 
 
 
 
 
 
 
 
 
 
 
 
 
 
 
 
 
 
 
 
 
 
 
 
 
 
 
 
 
 
 
 
 
 
 
 
 
 
 
 
 
 
 
 
 
 
 
 
 
 
 
 
 
 
 
 
 
 
 
 
 
 
 
 
 
 
 
 
 
 
 
 
 
 
 
 
 
 
 
 
 
 
 
 
 
 
 
 
 
 
 
 
 
 
 
 
 
 
 
 
 
 
 
 
 
 
 
 
 
 
 
 
 
 
 
 
 
 
 
 
 
 
 
 
 
 
 
 
 
 
 
 
 
 
 
 
 
 
 
 
 
 
 
 
 
 
 
 
 
 
 
 
 
 
 
 
 
 
 
 
 
 
 
 
 
 
 
 
 
 
 
 
 
 
 
 
 
 
 
 
 
 
 
 
 
 
 
 
 
 
 
 
 
 
 
 
 
 
 
 
 
 
 
 
 
 
 
 
 
 
 
 
 
 
 
 
 
 
 
 
 
 
 
 
 
 
 
 
 
 
 
 
 
 
 
 
 
 
 
 
 
 
 
 
 
 
 
 
 
 
 
 
 
 
 
 
 
 
 
 
 
 
 
 
 
 
 
 
 
 
 
 
 
 
 
 
 
 
 
 
 
 
 
 
 
 
 
 
 
 
 
 
 
 
 
 
 
 
 
 
 
 
 
 
 
 
 
 
 
 
 
 
 
 
 
 
 
 
 
 
 
 
 
 
 
 
 
 
 
 
 
 
 
 
 
 
 
 
 
 
 
 
 
 
 
 
 
 
 
 
 
 
 
 
 
 
 
 
 
 
 
 
 
 
 
 
 
 
 
 
 
 
 
 
 
 
 
 
 
 
 
 
 
 
 
 
 
 
 
 
 
 
 
 
 
 
 
 
 
 
 
 
 
 
 
 
 
 
 
 
 
 
 
 
 
 
 
 
 
 
 
 
 
 
 
 
 
 
 
 
 
 
 
 
 
 
 
 
 
 
 
 
 
 
 
 
 
 
 
 
 
 
 
 
 
 
 
 
 
 
 
 
 
 
 
 
 
 
 
 
 
 
 
 
 
 
 
 
 
 
 
 
 
 
 
 
 
 
 
 
 
 
 
 
 
 
 
 
 
 
 
 
 
 
 
 
 
 
 
 
 
 
 
 
 
 
 
 
 
 
 
 
 
 
 
 
 
 
 
 
 
 
 
 
 
 
 
 
 
 
 
 
 
 
 
 
 
 
 
 
 
 
 
 
 
 
 
 
 
 
 
 
 
 
 
 
 
 
 
 
 
 
 
 
 
 
 
 
 
 
 
 
 
 
 
 
 
 
 
 
 
 
 
 
 
 
 
 
 
 
 
 
 
 
 
 
 
 
 
 
 
 
 
 
 
 
 
 
 
 
 
 
 
 
 
 
 
 
 
 
 
 
 
 
 
 
 
 
 
 
 
 
 
 
 
 
 
 
 
 
 
 
 
 
 
 
 
 
 
 
 
 
 
 
 
 
 
 
 
 
 
 
 
 
 
 
 
 
 
 
 
 
 
 
 
 
 
 
 
 
 
 
 
 
 
 
 
 
 
 
 
 
 
 
 
 
 
 
 
 
 
 
 
 
 
 
 
 
 
 
 
 
 
 
 
 
 
 
 
 
 
 
 
 
 
 
 
 
 
 
 
 
 
 
 
 
 
 
 
 
 
 
 
 
 
 
 
 
 
 
 
 
 
 
 
 
 
 
 
 
 
 
 
 
 
 
 
 
 
 
 
 
 
 
 
 
 
 
 
 
 
 
 
 
 
 
 
 
 
 
 
 
 
 
 
 
 
 
 
 
 
 
 
 
 
 
 
 
 
 
 
 
 
 
 
 
 
 
 
 
 
 
 
 
 
 
 
 
 
 
 
 
 
 
 
 
 
 
 
 
 
 
 
 
 
 
 
 
 
 
 
 
 
 
 
 
 
 
 
 
 
 
 
 
 
 
 
 
 
 
 
 
 
 
 
 
 
 
 
 
 
 
 
 
 
 
 
 
 
 
 
 
 
 
 
 
 
 
 
 
 
 
 
 
 
 
 
 
 
 
 
 
 
 
 
 
 
 
 
 
 
 
 
 
 
 
 
 
 
 
 
 
 
 
 
 
 
 
 
 
 
 
 
 
 
 
 
 
 
 
 
 
 
 
 
 
 
 
 
 
 
 
 
 
 
 
 
 
 
 
 
 
 
 
 
 
 
 
 
 
 
 
 
 
 
 
 
 
 
 
 
 
 
 
 
 
 
 
 
 
 
 
 
 
 
 
 
 
 
 
 
 
 
 
 
 
 
 
 
 
 
 
 
 
 
 
 
 
 
 
 
 
 
 
 
 
 
 
 
 
 
 
 
 
 
 
 
 
 
 
 
 
 
 
 
 
 
 
 
 
 
 
 
 
 
 
 
 
 
 
 
 
 
 
 
 
 
 
 
 
 
 
 
 
 
 
 
 
 
 
 
 
 
 
 
 
 
 
 
 
 
 
 
 
 
 
 
 
 
 
 
 
 
 
 
 
 
 
 
 
 
 
 
 
 
 
 
 
 
 
 
 
 
 
 
 
 
 
 
 
 
 
 
 
 
 
 
 
 
 
 
 
 
 
 
 
 
 
 
 
 
 
 
 
 
 
 
 
 
 
 
 
 
 
 
 
 
 
 
 
 
 
 
 
 
 
 
 
 
 
 
 
 
 
 
 
 
 
 
 
 
 
 
 
 
 
 
 
 
 
 
 
 
 
 
 
 
 
 
 
 
 
 
 
 
 
 
 
 
 
 
 
 
 
 
 
 
 
 
 
 
 
 
 
 
 
 
 
 
 
 
 
 
 
 
 
 
 
 
 
 
 
 
 
 
 
 
 
 
 
 
 
 
 
 
 
 
 
 
 
 
 
 
 
 
 
 
 
 
 
 
 
 
 
 
 
 
 
 
 
 
 
 
 
 
 
 
 
 
 
 
 
 
 
 
 
 
 
 
 
 
 
 
 
 
 
 
 
 
 
 
 
 
 
 
 
 
 
 
 
 
 
 
 
 
 
 
 
 
 
 
 
 
 
 
 
 
 
 
 
 
 
 
 
 
 
 
 
 
 
 
 
 
 
 
 
 
 
 
 
 
 
 
 
 
 
 
 
 
 
 
 
 
 
 
 
 
 
 
 
 
 
 
 
 
 
 
 
 
 
 
 
 
 
 
 
 
 
 
 
 
 
 
 
 
 
 
 
 
 
 
 
 
 
 
 
 
 
 
 
 
 
 
 
 
 
 
 
 
 
 
 
 
 
 
 
 
 
 
 
 
 
 
 
 
 
 
 
 
 
 
 
 
 
 
 
 
 
 
 
 
 
 
 
 
 
 
 
 
 
 
 
 
 
 
 
 
 
 
 
 
 
 
 
 
 
 
 
 
 
 
 
 
 
 
 
 
 
 
 
 
 
 
 
 
 
 
 
 
 
 
 
 
 
 
 
 
 
 
 
 
 
 
 
 
 
 
 
 
 
 
 
 
 
 
 
 
 
 
 
 
 
 
 
 
 
 
 
 
 
 
 
 
 
 
 
 
 
 
 
 
 
 
 
 
 
 
 
 
 
 
 
 
 
 
 
 
 
 
 
 
 
 
 
 
 
 
 
 
 
 
 
 
 
 
 
 
