1326 2340 3839 4170 6840 8417 
2173 2292 3003 7598 
4316 4325 4742 5598 7253 7868 
4786 4796 4888 5108 5128 8439 
449 791 992 1443 1617 2150 2568 3083 3574 3814 4397 4510 5193 6448 6798 8111 8280 9108 9117 9260 9400 9422 
551 3991 4039 4085 4257 4908 4910 5812 6633 6854 7349 7561 7563 8493 10117 10201 
179 1622 1715 5518 8458 
437 2624 4950 6015 6817 7532 7585 7592 7754 9163 9565 
2806 2823 3228 3496 3559 3627 3895 4828 5674 6213 8448 8466 8531 8536 8553 8568 8578 
2229 2365 2863 2895 2901 2915 3029 3201 3218 
3405 7078 7552 8308 8808 8993 
2633 3711 4606 7142 7767 
2369 4231 8580 8655 9068 
3192 7766 7770 7814 
7761 7779 7799 7804 
1756 2227 2645 3470 3487 3600 3604 3606 3861 3997 4076 4139 4585 5053 5670 5856 5875 6139 6144 6247 6335 6422 6950 7131 7366 7833 7884 7917 8086 8514 8527 8767 8984 9019 9369 10221 
3314 8115 8653 9404 
3456 3507 3527 3692 8149 9295 9761 
5408 6549 6653 6667 6727 6801 7948 8083 
3573 8492 8756 9204 9443 
3168 5803 6624 8365 9180 
5473 6682 7703 8246 8763 8932 9186 
857 3950 9951 10059 
5617 5673 5848 7773 8121 
2653 2734 2757 2762 3344 3408 9413 
3925 4539 6809 7015 7247 10226 
1388 2218 3068 4670 7213 7575 
2656 3366 3497 7968 
228 1504 2119 7121 
1746 2596 4384 4767 5676 6435 
5068 5895 6566 8914 9394 9952 
1911 2327 5008 5351 6783 
2276 2683 7163 8446 
994 1545 2613 5339 5859 7668 8457 
512 670 883 1542 1788 1990 2107 2122 2260 2726 2867 2896 3093 3132 3233 4116 4283 4299 4645 4681 4705 4891 5098 5266 5654 5773 5980 6236 6317 6349 6571 6898 7115 7187 7543 7684 7723 7924 8081 8227 8377 8540 8561 8627 8825 8849 9026 9216 9310 9333 9484 9520 9571 9603 9610 9643 9651 9810 9944 9955 9963 9981 10213 10237 
4632 5103 7287 7620 9621 
1431 1605 1823 2285 
1476 1516 1522 1532 2977 3565 4514 4587 5463 5695 5861 5964 6069 6174 6242 6356 6598 9230 9391 9403 
5418 5434 6220 8021 8663 
5147 5793 5846 5937 8265 
1698 2252 3179 8910 
809 4533 7332 9041 
2121 4348 8810 9877 
1874 3318 5153 9872 9987 
7031 7577 7610 8143 
692 3171 3300 3882 5627 7150 7421 7437 9750 
3088 8018 9576 9685 9707 9772 
3857 5313 6189 8229 
2705 3790 3871 3975 4191 4285 4424 4683 5142 5280 5396 5443 8681 
1117 2232 2239 6679 6704 10094 10235 
2087 2800 4276 5488 6071 6856 7307 7869 
1057 2736 2754 3018 
6271 6636 6859 7046 
3761 7449 8209 8234 
760 1691 4033 4377 6779 7030 7753 8588 9743 
1235 4111 4179 4220 4282 4304 4522 4537 5353 6324 6519 6530 6786 7618 
4224 5218 6480 6979 7616 7953 
6618 6668 6728 7988 
6458 6550 7873 7881 7906 7911 7976 7999 8028 8047 
5216 5509 5855 5933 6097 6166 6219 6241 
3391 8049 8296 8311 8595 
4581 4617 4732 4758 
215 321 403 1301 1944 2187 2383 3540 3558 3617 3648 5254 6541 6601 6858 7212 7228 7282 8258 
2082 2509 4751 7890 
4404 4476 6194 6209 6257 
280 893 1403 2104 2160 2904 3024 4659 8190 9155 
5945 6232 9516 9646 10189 
608 712 1006 4057 4189 4694 5184 5896 6204 7045 8415 8896 9092 9476 9739 9852 10208 10252 
4490 9292 9324 9408 
2622 2932 6316 6321 6816 8357 9602 
1342 1472 1646 2592 3465 4831 8067 8372 9596 
1318 1439 1613 1624 2105 3810 4393 5189 5594 6444 6506 7249 7864 8107 8276 9256 9418 9846 10048 
2786 2864 2902 2916 2922 3030 3049 3070 3129 3183 3210 3817 3865 4014 4159 4263 4288 5795 5939 5942 6091 6230 6258 6369 6418 9714 9973 
748 5680 6122 9664 9696 
5647 5736 6367 6416 
1491 1692 2123 4598 5944 8082 
2897 5825 5921 6133 
130 2803 9003 9555 9619 
666 751 761 1588 4278 4315 4436 4817 5835 7586 8510 9179 9444 9752 
1848 2354 3572 4399 5106 5126 7028 10027 
4449 4596 4652 4713 
7278 7523 7578 7611 7711 
153 287 7285 9195 
1223 8238 8871 8905 8916 8936 
8952 8974 8983 9018 9112 
3586 9238 9557 9806 
1369 8720 8766 8798 8855 8876 8912 9059 9135 9150 9190 9214 10246 
2207 3493 5115 5785 8497 
1684 4415 4597 6855 7830 9488 
7013 7138 7182 7200 7223 
3145 3156 3165 8427 
3264 4234 4655 6705 
1689 1726 1755 1777 2410 5864 7388 10150 
3459 3794 4457 8100 
5528 8346 8903 8975 
560 782 7207 7791 
5746 5759 6555 7498 
1541 3877 4337 4386 5012 5622 6009 6438 8318 
4135 5620 6824 8610 10066 
1332 1668 2655 3896 4409 5485 5626 6198 7846 8506 9122 9665 
357 401 1893 3131 4298 4371 4564 4856 5995 6052 6361 6983 7381 7901 8564 8626 9269 9372 9620 9899 
1584 6431 6763 7298 9364 
244 2237 2256 2266 7044 9398 9751 9782 
2798 2827 4152 4375 8072 8348 9203 
7872 7880 7905 7975 8046 
103 3730 3781 5337 6253 6326 6755 
1451 5560 7074 7162 7169 
1970 2424 2459 2491 
2875 5534 7653 8908 
1040 2043 2137 5289 
2176 3842 6120 9835 
4892 9735 10127 10139 
2584 3602 5420 5436 8746 9115 9495 9889 10129 
185 525 844 1853 1907 1949 2021 2030 2074 2182 2220 2268 2274 2315 2349 2511 2541 2563 4279 6487 6517 6528 8560 
2500 2611 3368 5829 6476 6776 7327 7477 7984 8137 9343 9607 9683 9729 9738 
5650 5682 7941 9473 
4274 5196 5255 5260 5277 5311 5450 5532 
2669 3834 3850 3860 7311 7392 7534 7991 8023 9790 10152 
1355 5146 5687 6076 6637 
334 374 442 475 
869 3235 5719 5779 8014 
1539 4365 5496 6929 8033 
2427 9471 9498 9513 9550 9691 
176 5832 7481 7521 7533 7990 
811 2140 3421 4944 6605 
984 1579 2840 6955 
2422 2588 3599 6597 
305 834 4975 5262 6054 6463 
1227 1929 1933 2147 3612 3879 4009 4473 5214 5506 5563 5706 8551 8666 8794 9361 10230 
320 3563 6433 6672 
2436 3040 5582 7089 9910 
3415 6651 6971 8393 8605 9366 
1921 2328 3110 5239 5742 
1830 2054 2838 5265 9954 
3480 3723 9284 9318 9410 
1630 2797 4611 6134 
1918 2891 9144 9613 
2787 2887 2923 3071 3100 3130 3184 3211 3866 5619 5649 5796 5943 6788 
1234 5574 5683 6761 
1657 3652 6301 6514 6993 7242 8830 
4866 4903 5259 8867 
3111 4493 4613 7352 8607 8861 9395 10163 
5078 6867 7848 9314 
4843 4928 5097 5170 9882 10126 
1394 1463 1560 1572 7093 8285 9943 
1549 2045 3109 4631 8743 9493 9731 9745 
6752 6982 7113 7336 
1392 1653 2076 2834 3274 9680 
2155 8326 8600 8618 
1140 2004 2101 2250 2307 2333 2419 2453 2503 4204 5113 5658 6473 6585 6602 6687 7099 7375 8341 8355 8376 8385 8392 8470 8662 8667 8686 10005 
2662 5057 6967 7134 7165 7371 7479 8098 10075 10101 
4310 4733 5459 5814 6587 10077 
2228 3605 4586 6970 
8179 8201 8806 9053 
2616 2628 8715 8748 8837 9172 9184 
1188 3051 3342 5407 5426 5481 7705 8248 8934 
1920 4161 5238 5570 6551 8000 8167 
4495 4854 4922 9776 
2180 2426 2689 2908 5049 
562 1337 1595 2261 3961 4839 5616 6934 9945 
2299 3213 4639 4715 
823 2625 3762 5544 8235 8538 9853 
1075 7084 7878 8068 9016 9597 10073 
1473 1647 3362 4735 
3706 4363 6309 6757 
2000 2085 3329 3349 4725 9040 9064 
1508 1748 2579 2819 4184 4239 5765 6173 6323 8603 
6093 8029 8134 8358 8687 
53 1445 1619 6110 8454 9424 
2148 2373 4504 10231 
188 514 2390 3588 3620 3959 5054 5070 5762 6360 
2409 3760 5876 10039 
2255 2265 2485 4878 7796 10000 
4073 4123 4174 5699 6150 
756 1916 3554 3594 4209 5455 6664 8274 10248 
3416 4266 4308 7613 
1723 3082 9178 9242 10004 10148 
891 3035 3322 5081 9519 
1905 2676 3992 5530 
4086 8192 8259 9789 
8010 8805 8894 9011 9052 
2326 2969 6661 7120 7897 
2884 2946 3181 3208 9591 9780 
1466 3734 4043 4103 4992 8051 8094 9753 
4054 5186 5395 5470 
503 700 1656 6616 
2408 2651 2751 2812 3625 3696 3792 3933 4037 4261 4339 4389 4729 4880 5168 5567 6365 7456 8036 8950 9140 9290 9676 10038 
2401 4132 4172 9572 9604 10024 
5854 5914 5932 5978 6096 6165 6218 6240 6399 10118 
5610 8052 8369 9938 
3858 3976 4684 6190 7823 7945 8682 
3271 3292 3364 3402 
3556 4084 5735 9145 9213 
2219 3876 8901 9363 
2652 2733 2752 6239 
3180 3729 3793 4038 4881 6366 8911 8951 8973 
1774 2305 6208 9662 9694 
2871 2999 3087 5011 
3731 3782 5642 6254 7517 
662 817 1375 2663 2783 
2481 2524 3735 3891 4042 5356 5733 6762 6765 6822 6906 7803 8031 8064 8129 9599 9734 9996 10114 10145 10198 10234 
8123 8131 8170 8188 8251 
2 12 16 30 32 33 44 51 57 58 60 61 64 67 77 81 85 88 92 94 95 108 119 128 134 138 140 152 154 156 177 178 180 189 200 204 207 218 224 227 232 237 238 239 250 257 288 289 291 294 298 304 311 316 340 351 352 356 361 384 406 409 445 456 477 479 486 497 499 509 523 550 554 559 578 583 590 623 632 634 675 680 698 701 702 708 717 718 719 721 723 729 747 758 765 774 826 827 853 862 863 885 890 894 901 908 910 917 920 922 944 945 962 964 968 971 1009 1011 1022 1031 1073 1076 1078 1084 1085 1126 1134 1148 1155 1161 1163 1167 1194 1205 1220 1221 1222 1229 1243 1262 1263 1265 1268 1270 1286 1288 1295 1297 1304 1315 1324 1329 1330 1331 1333 1334 1335 1338 1340 1344 1347 1349 1351 1352 1354 1358 1360 1365 1368 1374 1376 1377 1378 1381 1389 1401 1406 1409 1415 1417 1429 1430 1433 1446 1453 1454 1455 1475 1482 1490 1500 1512 1519 1523 1525 1527 1537 1553 1557 1566 1575 1581 1583 1601 1607 1620 1621 1627 1634 1635 1637 1638 1639 1644 1649 1666 1675 1677 1680 1681 1686 1687 1688 1700 1711 1716 1718 1719 1725 1727 1729 1732 1734 1736 1740 1743 1744 1750 1751 1754 1757 1763 1764 1765 1766 1773 1776 1802 1810 1811 1813 1820 1821 1822 1825 1826 1832 1834 1841 1842 1843 1844 1855 1862 1868 1869 1883 1885 1897 1909 1913 1915 1922 1923 1926 1928 1931 1936 1939 1942 1943 1945 1948 1954 1958 1962 1964 1968 1978 1980 1985 1988 1989 1995 1998 2002 2007 2011 2013 2016 2017 2018 2019 2020 2023 2029 2032 2041 2058 2060 2070 2073 2079 2083 2093 2095 2102 2113 2128 2132 2138 2153 2157 2178 2181 2197 2201 2202 2203 2204 2205 2211 2214 2215 2217 2230 2242 2247 2259 2262 2263 2264 2267 2270 2272 2279 2281 2282 2284 2287 2288 2290 2301 2302 2303 2310 2311 2329 2330 2338 2339 2364 2368 2372 2382 2385 2386 2404 2411 2417 2428 2440 2470 2474 2475 2478 2480 2483 2488 2489 2498 2501 2538 2545 2552 2555 2557 2565 2567 2570 2583 2585 2586 2593 2620 2623 2627 2631 2634 2636 2640 2649 2661 2664 2675 2690 2699 2700 2709 2716 2720 2723 2732 2743 2766 2767 2769 2773 2777 2779 2780 2785 2793 2801 2810 2821 2825 2830 2836 2843 2850 2852 2855 2862 2866 2881 2885 2889 2894 2911 2917 2921 2924 2937 2940 2943 2947 2949 2953 2979 2984 2986 2992 2996 2997 3011 3027 3028 3031 3034 3041 3044 3046 3052 3055 3065 3067 3069 3074 3076 3078 3095 3105 3114 3116 3117 3127 3128 3134 3136 3140 3144 3161 3162 3175 3187 3189 3190 3200 3209 3214 3217 3224 3226 3227 3236 3241 3243 3245 3253 3255 3260 3296 3305 3306 3311 3321 3332 3336 3340 3343 3351 3359 3360 3372 3384 3385 3386 3388 3397 3406 3410 3417 3419 3422 3438 3442 3447 3451 3452 3455 3457 3460 3466 3474 3476 3477 3481 3482 3499 3501 3502 3503 3510 3514 3515 3522 3526 3534 3535 3536 3538 3547 3550 3557 3566 3568 3575 3583 3584 3591 3593 3601 3609 3610 3616 3626 3630 3631 3632 3641 3643 3645 3646 3647 3653 3659 3666 3686 3687 3690 3703 3704 3707 3715 3716 3717 3724 3733 3736 3737 3738 3740 3743 3757 3770 3774 3786 3802 3803 3821 3823 3826 3827 3831 3837 3847 3848 3849 3852 3855 3859 3864 3870 3883 3897 3903 3917 3931 3934 3937 3940 3941 3943 3944 3956 3962 3970 3971 3978 3981 3984 3989 3990 3994 3996 4007 4011 4024 4025 4041 4045 4050 4066 4067 4075 4077 4087 4095 4097 4106 4108 4109 4114 4115 4126 4134 4137 4138 4143 4144 4145 4146 4148 4155 4157 4158 4163 4164 4166 4168 4177 4188 4190 4196 4197 4208 4222 4229 4247 4248 4253 4258 4259 4272 4275 4281 4284 4300 4306 4309 4311 4313 4320 4322 4326 4327 4329 4332 4335 4340 4345 4353 4355 4356 4360 4361 4364 4366 4373 4379 4381 4385 4388 4403 4413 4417 4421 4429 4432 4434 4435 4451 4456 4460 4462 4463 4468 4471 4475 4480 4481 4483 4485 4487 4498 4507 4508 4512 4515 4516 4517 4519 4526 4531 4534 4535 4540 4546 4548 4560 4561 4568 4572 4574 4580 4588 4590 4595 4602 4605 4607 4615 4616 4641 4644 4647 4660 4662 4664 4666 4668 4671 4673 4675 4701 4710 4714 4716 4718 4721 4727 4730 4731 4740 4744 4745 4749 4752 4753 4757 4762 4763 4764 4765 4769 4771 4775 4781 4788 4803 4818 4819 4826 4829 4838 4842 4848 4858 4859 4862 4863 4865 4868 4875 4877 4887 4890 4898 4904 4909 4917 4918 4926 4927 4931 4936 4938 4940 4945 4946 4948 4953 4958 4960 4965 4968 4969 4970 4976 4978 4982 4984 4985 4986 4990 4994 5001 5004 5006 5010 5013 5015 5016 5017 5022 5023 5024 5026 5033 5034 5051 5052 5059 5062 5065 5067 5074 5080 5084 5096 5099 5101 5121 5125 5134 5135 5145 5149 5150 5155 5158 5177 5182 5185 5194 5195 5197 5201 5202 5209 5210 5213 5224 5225 5226 5227 5237 5240 5242 5243 5249 5253 5256 5258 5261 5273 5275 5276 5278 5290 5305 5315 5316 5319 5326 5327 5336 5338 5342 5343 5344 5355 5365 5368 5373 5383 5386 5389 5403 5404 5412 5424 5427 5439 5440 5445 5446 5448 5451 5471 5476 5478 5482 5484 5490 5495 5498 5499 5505 5508 5517 5524 5525 5526 5527 5529 5537 5540 5559 5568 5585 5587 5596 5597 5605 5611 5630 5632 5636 5639 5641 5643 5656 5664 5668 5672 5697 5701 5720 5725 5738 5740 5743 5744 5764 5772 5775 5781 5782 5789 5799 5805 5810 5811 5820 5830 5831 5844 5850 5852 5853 5857 5858 5860 5868 5871 5877 5878 5881 5882 5889 5891 5892 5894 5901 5924 5925 5926 5927 5930 5941 5959 5962 5965 5977 5990 5999 6011 6024 6025 6027 6034 6035 6045 6048 6050 6056 6067 6073 6078 6079 6080 6082 6087 6099 6100 6106 6116 6128 6136 6138 6146 6159 6168 6169 6171 6175 6176 6179 6180 6193 6201 6205 6212 6214 6216 6221 6223 6234 6235 6238 6245 6246 6251 6252 6256 6268 6269 6272 6273 6283 6294 6298 6310 6320 6329 6332 6337 6345 6348 6353 6355 6357 6358 6373 6378 6382 6383 6386 6390 6394 6397 6398 6405 6409 6410 6411 6421 6426 6427 6428 6430 6436 6437 6440 6449 6452 6453 6457 6459 6472 6474 6490 6499 6503 6507 6509 6512 6516 6524 6525 6527 6537 6545 6547 6553 6557 6558 6562 6563 6564 6567 6569 6578 6579 6582 6588 6600 6607 6611 6629 6631 6641 6650 6655 6656 6659 6671 6674 6678 6694 6700 6706 6710 6713 6714 6722 6725 6734 6739 6744 6754 6770 6774 6785 6793 6802 6808 6810 6831 6832 6833 6835 6837 6848 6850 6857 6865 6870 6871 6879 6881 6885 6886 6890 6892 6895 6897 6902 6905 6912 6921 6923 6925 6944 6965 6989 6991 6997 6998 7002 7009 7011 7014 7019 7041 7050 7060 7064 7066 7069 7080 7091 7094 7109 7111 7132 7133 7136 7148 7154 7157 7158 7171 7172 7178 7180 7185 7191 7196 7198 7202 7206 7215 7216 7218 7219 7220 7221 7226 7227 7243 7244 7246 7251 7252 7267 7268 7271 7273 7284 7290 7292 7294 7297 7301 7305 7306 7309 7315 7325 7328 7333 7346 7359 7360 7373 7380 7384 7387 7394 7401 7403 7405 7410 7422 7423 7425 7429 7435 7436 7444 7454 7461 7462 7472 7473 7485 7489 7491 7493 7494 7495 7499 7505 7506 7508 7528 7529 7538 7539 7545 7546 7549 7553 7558 7572 7574 7599 7601 7602 7603 7605 7614 7627 7628 7634 7642 7643 7644 7645 7648 7650 7657 7660 7671 7672 7678 7679 7680 7683 7692 7721 7722 7744 7745 7748 7755 7764 7775 7777 7778 7790 7795 7797 7807 7810 7812 7831 7852 7858 7860 7861 7866 7867 7874 7886 7891 7895 7904 7907 7909 7913 7914 7915 7916 7920 7922 7923 7927 7935 7936 7957 7958 7967 7971 7973 7974 7978 7992 7993 7994 8007 8025 8030 8032 8034 8037 8063 8073 8074 8088 8092 8095 8097 8101 8116 8124 8138 8141 8145 8160 8166 8171 8203 8212 8214 8215 8225 8230 8252 8257 8263 8267 8292 8295 8302 8310 8314 8328 8330 8345 8349 8356 8363 8370 8373 8388 8397 8399 8403 8407 8410 8411 8419 8421 8425 8426 8428 8429 8430 8434 8437 8438 8440 8447 8449 8450 8455 8456 8461 8473 8479 8481 8482 8487 8495 8513 8515 8516 8517 8518 8519 8523 8529 8530 8533 8535 8539 8544 8554 8558 8559 8567 8570 8571 8597 8606 8614 8633 8638 8649 8651 8657 8680 8688 8691 8693 8694 8696 8709 8723 8729 8738 8741 8745 8752 8770 8772 8773 8774 8775 8778 8783 8784 8789 8792 8800 8801 8803 8809 8821 8823 8824 8828 8831 8832 8835 8838 8839 8840 8854 8857 8858 8862 8863 8864 8868 8870 8875 8879 8880 8882 8889 8897 8900 8915 8917 8919 8926 8928 8929 8946 8956 8958 8963 8968 8969 8970 8972 8976 8978 8979 8987 8988 8989 8990 8997 9000 9001 9013 9014 9020 9021 9022 9027 9031 9037 9054 9058 9070 9091 9096 9106 9107 9111 9114 9120 9124 9127 9131 9134 9136 9137 9149 9154 9158 9160 9162 9164 9167 9170 9177 9182 9183 9188 9189 9197 9198 9206 9223 9226 9236 9240 9252 9274 9276 9286 9288 9296 9297 9299 9309 9312 9313 9320 9322 9323 9330 9347 9353 9383 9386 9387 9416 9425 9427 9440 9441 9451 9457 9459 9461 9464 9466 9475 9499 9501 9504 9506 9507 9510 9518 9527 9530 9531 9536 9558 9559 9568 9574 9578 9579 9587 9589 9593 9600 9601 9608 9609 9616 9624 9627 9629 9632 9634 9636 9649 9650 9657 9660 9663 9671 9677 9681 9687 9690 9692 9695 9697 9703 9706 9708 9710 9715 9717 9720 9721 9722 9725 9726 9747 9756 9757 9759 9760 9762 9764 9765 9767 9771 9773 9775 9785 9792 9793 9795 9798 9799 9800 9804 9809 9811 9817 9819 9824 9829 9832 9837 9838 9840 9848 9850 9858 9859 9860 9861 9865 9866 9868 9874 9881 9884 9888 9890 9891 9904 9905 9911 9920 9924 9933 9934 9940 9970 9972 9974 9977 9982 9985 9993 9999 10006 10010 10011 10012 10016 10026 10029 10032 10046 10052 10054 10055 10056 10065 10068 10071 10076 10090 10096 10106 10110 10123 10128 10142 10143 10162 10164 10166 10167 10169 10170 10171 10172 10174 10179 10191 10205 10206 10211 10218 10219 10220 10222 10240 10244 10245 
3820 4297 4486 4791 4889 5604 6385 8512 9931 
1863 2490 8700 9331 
1852 2571 3504 8719 
213 1328 1819 2001 2248 2479 2630 2711 4431 5958 6077 6206 6237 6278 7908 8443 8453 
4026 4035 5402 5410 5422 5472 
3553 3985 5340 5454 
1509 1685 1946 2012 2701 3178 3357 3494 3726 3862 4136 4925 5014 5050 5523 5667 5819 5851 6354 6712 7626 8899 8909 
20 87 97 139 191 201 223 285 329 350 369 388 419 439 450 478 498 510 538 558 569 591 612 622 631 640 690 754 766 784 794 805 824 836 845 854 930 937 967 997 1010 1069 1080 1090 1101 1122 1173 1183 1202 1230 1240 1279 1284 1285 1296 1317 1341 1353 1385 1428 1438 1471 1479 1487 1499 1518 1530 1580 1590 1623 1654 1665 1707 1752 1781 1798 1831 1840 1884 1892 1914 1925 1957 1969 1991 2034 2042 2052 2062 2071 2092 2114 2146 2156 2166 2175 2185 2206 2213 2226 2280 2325 2334 2392 2403 2413 2423 2433 2450 2460 2469 2499 2518 2528 2539 2560 2578 2591 2610 2639 2650 2671 2692 2721 2741 2750 2770 2781 2802 2820 2831 2842 2872 2882 2903 2925 2934 2955 2965 2985 3033 3054 3064 3077 3094 3104 3113 3126 3148 3170 3188 3197 3225 3246 3257 3267 3317 3387 3423 3432 3443 3464 3473 3485 3513 3523 3562 3571 3614 3624 3656 3665 3705 3714 3758 3791 3800 3809 3841 3851 3872 3884 3893 3911 3921 3953 3964 3973 4016 4068 4118 4127 4147 4156 4167 4176 4198 4207 4260 4269 4280 4289 4317 4362 4372 4382 4392 4412 4422 4453 4497 4506 4518 4529 4553 4562 4573 4584 4614 4625 4646 4656 4700 4728 4770 4800 4830 4850 4879 4897 4907 4916 4937 4947 4959 4971 4981 5025 5072 5095 5114 5167 5176 5241 5252 5264 5272 5283 5291 5309 5320 5391 5411 5431 5441 5461 5483 5504 5566 5575 5593 5645 5688 5698 5709 5749 5768 5788 5828 5897 5906 5917 5929 5940 5949 6008 6038 6057 6066 6098 6109 6119 6137 6172 6267 6293 6364 6374 6396 6407 6443 6475 6494 6505 6526 6589 6599 6630 6660 6681 6692 6701 6756 6775 6784 6794 6862 6869 6891 6926 6988 7018 7037 7059 7082 7100 7110 7119 7147 7156 7177 7205 7248 7269 7291 7303 7314 7326 7338 7345 7406 7428 7438 7507 7540 7637 7669 7681 7710 7738 7747 7769 7789 7811 7821 7832 7875 7896 7932 7942 7962 7972 7983 8024 8035 8085 8096 8155 8175 8194 8226 8236 8245 8255 8275 8294 8303 8323 8333 8342 8351 8360 8371 8380 8409 8463 8474 8485 8496 8534 8545 8566 8575 8584 8593 8641 8660 8679 8710 8728 8740 8751 8771 8793 8822 8834 8869 8949 8981 9012 9032 9042 9072 9081 9100 9110 9119 9139 9151 9161 9173 9185 9196 9215 9224 9245 9255 9370 9379 9389 9417 9438 9470 9490 9512 9522 9544 9573 9606 9617 9659 9672 9728 9748 9758 9921 9964 9976 10037 10047 10089 10229 10239 
40 150 488 581 601 3086 6764 7781 10144 
68 2776 7624 7883 7951 7979 9231 9285 9653 9689 9727 
2387 3135 3993 5452 9763 
1592 7300 7414 7986 
5250 8418 9709 9774 9847 
212 5794 5847 5938 6090 
643 1917 2133 2890 7320 
1348 5399 6849 8735 10255 
524 3595 7274 9612 
884 3439 3650 7930 
2046 3537 3611 3918 4029 5700 
3080 8172 8189 10137 
2458 4703 5288 5378 5500 5510 6060 7276 
1932 3270 3363 3467 
2179 2556 4736 8327 8344 9766 
396 821 1199 3815 5872 6544 7641 8307 8353 9077 10160 
1997 3353 4952 6724 
2421 3120 3280 6627 
546 763 1005 1457 1529 1800 1806 1959 1975 2162 2320 2521 2532 2587 2677 2961 3001 3119 3123 3154 3492 5075 5722 6414 6419 6583 6690 7570 7693 8736 9228 9661 9704 9925 
206 428 494 685 727 965 1103 1232 1526 2876 3585 5148 8315 8790 8918 9218 9480 9723 
78 448 506 571 742 828 1051 1074 1095 1097 1345 1359 1493 1563 1658 2129 2216 2384 2580 2589 2629 3066 3972 4249 4346 4357 4450 4472 4479 4509 4577 4674 4741 4766 5335 5885 5934 6901 7057 7159 7214 7272 7283 7573 7590 7762 7780 7839 7965 8412 8471 8494 8754 8845 9132 9159 9165 9171 9352 9502 9678 9754 9870 9950 10072 10141 10249 
1319 1440 1614 3811 5190 5595 6445 8108 8277 9257 9419 
1320 1441 1615 3812 4395 5191 6446 8109 8278 9258 9420 
1321 1442 1616 3813 5192 6447 8110 8279 9259 9421 
1708 3954 4005 7038 7822 9491 9545 
1833 1860 2003 2080 2249 2322 2336 2418 2452 2502 2549 2554 
1851 1854 1908 1950 1967 2022 2031 2183 2221 2269 2350 2512 2542 2564 
2314 4810 7195 7364 8045 8076 10134 10186 
6851 7010 7135 7166 7179 7197 7480 
7012 7137 7181 7199 7222 
8325 8340 8354 8375 8391 8469 8504 8547 8586 8617 8643 8661 8672 8674 8685 
